frame_idx	x	y	vel_x	vel_y
799	6.066	1528.71	-0.1	50	
799	54.08	1543.49	-0.8	45.86	
799	30.837	1518.44	-0.09	43.43	
799	17.393	1510.42	0.43	46.97	
799	30.068	1458.26	0.23	42.18	
799	40.631	1496.28	-0.07	40.04	
799	54.855	1436.02	0.15	45	
799	6.8	1393.61	1.65	38.42	
799	19.63	1443.73	0.16	47.39	
799	65.996	1400.46	0.56	54.86	
799	19.924	1368.92	-0.34	46.16	
799	42.349	1392.75	-0.46	43.89	
800	6.057	1533.71	-0.09	50	
800	54.018	1548.04	-0.62	45.4	
800	30.829	1522.81	-0.08	43.74	
800	17.433	1515.1	0.4	46.81	
800	30.082	1462.51	0.14	42.56	
800	40.623	1500.3	-0.08	40.14	
800	54.87	1440.52	0.15	45	
800	6.916	1397.56	1.16	39.53	
800	19.646	1448.5	0.16	47.75	
800	66.185	1405.96	1.89	54.98	
800	19.887	1373.51	-0.37	45.89	
800	42.365	1397.05	0.16	42.97	
801	6.047	1538.71	-0.1	50	
801	30.819	1527.21	-0.1	43.96	
801	17.474	1519.79	0.41	46.92	
801	30.078	1466.78	-0.04	42.65	
801	40.615	1504.3	-0.08	40.02	
801	54.885	1445.02	0.15	45	
801	7.029	1401.54	1.13	39.73	
801	19.662	1453.31	0.16	48.05	
801	66.494	1411.47	3.09	55.07	
801	19.852	1378.1	-0.35	45.9	
801	42.379	1401.33	0.14	42.81	
802	6.037	1543.71	-0.1	50	
802	30.811	1531.58	-0.08	43.75	
802	17.515	1524.5	0.41	47.09	
802	30.07	1471.02	-0.08	42.47	
802	40.623	1508.24	0.08	39.46	
802	54.9	1449.52	0.15	45	
802	7.142	1405.49	1.13	39.56	
802	19.678	1458.13	0.16	48.28	
802	66.891	1416.98	3.97	55.13	
802	19.817	1382.69	-0.35	45.98	
802	42.393	1405.62	0.14	42.94	
802	54.487	1358.83	-0.83	52.88	
803	6.027	1548.71	-0.1	50	
803	30.803	1535.94	-0.08	43.54	
803	17.556	1529.22	0.41	47.18	
803	30.062	1475.22	-0.08	41.99	
803	40.599	1512.11	-0.24	38.69	
803	54.915	1454	0.15	44.83	
803	7.256	1409.44	1.14	39.47	
803	19.707	1462.95	0.29	48.12	
803	67.229	1422.49	3.38	55.08	
803	19.782	1387.3	-0.35	46.06	
803	42.407	1409.92	0.14	43.02	
803	54.405	1364.17	-0.82	53.41	
804	30.794	1540.31	-0.09	43.75	
804	17.603	1533.92	0.47	46.97	
804	30.047	1479.4	-0.15	41.77	
804	40.592	1515.95	-0.07	38.32	
804	54.93	1458.52	0.15	45.16	
804	7.369	1413.39	1.13	39.5	
804	19.688	1467.71	-0.19	47.65	
804	67.446	1427.98	2.17	54.96	
804	19.748	1391.91	-0.34	46.13	
804	42.422	1414.21	0.15	42.93	
804	54.323	1369.53	-0.82	53.56	
805	30.784	1544.72	-0.1	44.09	
805	17.693	1538.53	0.9	46.17	
805	30.045	1483.62	-0.02	42.18	
805	40.568	1519.82	-0.24	38.69	
805	54.945	1463.11	0.15	45.89	
805	7.481	1417.34	1.12	39.48	
805	19.665	1472.47	-0.23	47.61	
805	67.568	1433.48	1.22	54.92	
805	19.713	1396.51	-0.35	46	
805	42.4	1418.51	-0.22	42.91	
805	29.11	1357.57	0.32	46	
805	54.229	1374.87	-0.94	53.47	
806	30.793	1549.11	0.09	43.88	
806	17.727	1543.03	0.34	44.93	
806	30.051	1487.92	0.06	43.02	
806	40.576	1523.76	0.08	39.47	
806	54.937	1467.72	-0.08	46.15	
806	7.601	1421.28	1.2	39.46	
806	19.668	1477.25	0.03	47.82	
806	67.623	1438.97	0.55	54.93	
806	19.708	1401.07	-0.05	45.61	
806	42.456	1422.82	0.56	43.17	
806	29.109	1362.12	-0.01	45.48	
806	54.152	1380.24	-0.77	53.7	
807	17.75	1547.42	0.23	43.91	
807	30.105	1492.31	0.54	43.95	
807	40.568	1527.76	-0.08	40.01	
807	54.929	1472.31	-0.08	45.88	
807	7.717	1425.23	1.16	39.47	
807	19.697	1482.02	0.29	47.65	
807	67.633	1444.47	0.1	55.05	
807	19.695	1405.55	-0.13	44.71	
807	42.689	1427.19	2.33	43.69	
807	29.124	1366.62	0.15	45.05	
807	54.134	1385.64	-0.18	53.93	
807	42.841	1356.56	0.18	54.59	
808	30.141	1496.73	0.36	44.13	
808	40.56	1531.78	-0.08	40.14	
808	54.921	1476.83	-0.08	45.17	
808	7.804	1429.18	0.87	39.5	
808	19.691	1486.7	-0.06	46.82	
808	68.151	1449.97	5.18	54.98	
808	19.575	1409.91	-1.2	43.62	
808	43.095	1431.57	4.06	43.74	
808	29.139	1371.11	0.15	44.86	
808	54.191	1391.01	0.57	53.78	
808	42.859	1362.07	0.18	55.08	
809	30.183	1501.05	0.42	43.23	
809	40.552	1535.78	-0.08	40.04	
809	54.912	1481.31	-0.09	44.83	
809	7.835	1433.16	0.31	39.78	
809	19.641	1491.26	-0.5	45.62	
809	68.669	1455.47	5.18	54.99	
809	7.724	1354.44	0.12	35.98	
809	19.39	1414.22	-1.85	43.11	
809	43.615	1435.87	5.2	43.06	
809	29.154	1375.6	0.15	44.95	
809	54.237	1396.32	0.46	53.08	
809	42.877	1367.58	0.18	55.13	
810	30.153	1505.23	-0.3	41.84	
810	40.545	1539.78	-0.07	39.99	
810	54.903	1485.81	-0.09	45	
810	7.815	1437.21	-0.2	40.49	
810	19.633	1495.76	-0.08	44.95	
810	7.729	1358.05	0.05	36.04	
810	19.295	1418.56	-0.95	43.46	
810	44.004	1440.07	3.89	42.01	
810	29.169	1380.1	0.15	45.02	
810	54.247	1401.55	0.1	52.23	
810	42.937	1373.02	0.6	54.42	
811	30.104	1509.29	-0.49	40.51	
811	40.537	1543.78	-0.08	40	
811	54.894	1490.31	-0.09	45	
811	7.809	1441.4	-0.06	41.92	
811	19.624	1500.24	-0.09	44.83	
811	7.747	1361.64	0.18	35.9	
811	19.298	1423.06	0.03	44.96	
811	44.165	1444.2	1.61	41.26	
811	29.184	1384.6	0.15	44.99	
811	54.257	1406.72	0.1	51.74	
811	42.951	1378.36	0.14	53.33	
812	30.096	1513.28	-0.08	39.93	
812	40.529	1547.78	-0.08	40	
812	54.885	1494.81	-0.09	45	
812	7.846	1445.7	0.37	43.03	
812	19.615	1504.74	-0.09	44.95	
812	7.793	1365.19	0.46	35.5	
812	19.385	1427.68	0.87	46.23	
812	44.036	1448.37	-1.29	41.69	
812	29.199	1389.1	0.15	45	
812	18.337	1355.65	0.14	44.95	
812	54.274	1411.87	0.17	51.53	
812	42.93	1383.58	-0.21	52.29	
813	30.089	1517.26	-0.07	39.84	
813	54.875	1499.31	-0.1	45	
813	7.902	1450.14	0.56	44.43	
813	19.606	1509.24	-0.09	45.02	
813	7.848	1368.7	0.55	35.1	
813	19.533	1432.42	1.48	47.35	
813	43.819	1452.67	-2.17	43.03	
813	29.214	1393.6	0.15	45	
813	18.359	1360.15	0.22	44.97	
813	54.308	1416.98	0.34	51.13	
813	42.948	1388.76	0.18	51.77	
814	30.081	1521.26	-0.08	39.95	
814	54.866	1503.81	-0.09	45	
814	7.916	1454.65	0.14	45.1	
814	19.597	1513.74	-0.09	45	
814	7.893	1372.18	0.45	34.88	
814	19.648	1437.19	1.15	47.71	
814	43.515	1457.09	-3.04	44.23	
814	29.229	1398.1	0.15	45	
814	18.361	1364.61	0.02	44.54	
814	54.308	1422.04	0	50.5	
814	42.965	1393.92	0.17	51.59	
815	30.073	1525.26	-0.08	40.02	
815	54.858	1508.31	-0.08	45	
815	7.931	1459.18	0.15	45.29	
815	19.588	1518.24	-0.09	45	
815	7.911	1375.67	0.18	34.89	
815	19.764	1441.95	1.16	47.6	
815	43.179	1461.67	-3.36	45.8	
815	29.244	1402.6	0.15	45	
815	18.339	1368.99	-0.22	43.88	
815	54.325	1427.04	0.17	50.01	
815	43.022	1399.03	0.57	51.06	
816	30.065	1529.26	-0.08	40	
816	54.849	1512.81	-0.09	45	
816	7.945	1463.7	0.14	45.21	
816	19.579	1522.74	-0.09	45	
816	7.916	1379.17	0.05	34.98	
816	19.879	1446.7	1.15	47.48	
816	42.829	1466.28	-3.5	46.03	
816	29.259	1407.1	0.15	45	
816	18.355	1373.37	0.16	43.78	
816	54.342	1432.02	0.17	49.85	
816	43.023	1404.03	0.01	50.04	
817	30.057	1533.26	-0.08	40.02	
817	54.84	1517.31	-0.09	45	
817	7.936	1468.21	-0.09	45.11	
817	19.571	1527.24	-0.08	45	
817	7.928	1382.67	0.12	35.01	
817	19.995	1451.45	1.16	47.51	
817	42.47	1470.85	-3.59	45.74	
817	29.274	1411.6	0.15	45	
817	18.441	1377.82	0.86	44.51	
817	54.358	1437.02	0.16	49.96	
817	42.994	1408.94	-0.29	49.1	
818	30.049	1537.26	-0.08	39.96	
818	54.831	1521.81	-0.09	45	
818	7.927	1472.72	-0.09	45.03	
818	19.562	1531.74	-0.09	45	
818	7.94	1386.17	0.12	35.01	
818	20.117	1456.21	1.22	47.65	
818	42.112	1475.37	-3.58	45.21	
818	29.288	1416.1	0.14	45	
818	18.6	1382.37	1.59	45.49	
818	54.375	1442.02	0.17	50.02	
818	42.869	1413.82	-1.25	48.84	
819	30.042	1541.24	-0.07	39.86	
819	54.822	1526.31	-0.09	44.98	
819	7.918	1477.22	-0.09	44.98	
819	19.552	1536.24	-0.1	45	
819	7.951	1389.67	0.11	34.99	
819	20.233	1460.98	1.16	47.71	
819	41.732	1479.85	-3.8	44.77	
819	29.303	1420.6	0.15	45	
819	18.781	1386.98	1.81	46.1	
819	54.392	1447.02	0.17	50	
819	54.308	1359.08	0.63	54.48	
819	42.708	1418.77	-1.61	49.47	
820	30.034	1545.24	-0.08	39.98	
820	54.813	1530.81	-0.09	45.05	
820	7.909	1481.72	-0.09	45.02	
820	19.543	1540.74	-0.09	45	
820	7.963	1393.17	0.12	35.02	
820	20.306	1465.71	0.73	47.28	
820	41.429	1484.3	-3.03	44.47	
820	29.318	1425.1	0.15	45	
820	18.946	1391.6	1.65	46.17	
820	54.407	1452	0.15	49.83	
820	54.371	1364.59	0.63	55.09	
820	42.559	1423.81	-1.49	50.37	
821	30.009	1549.3	-0.25	40.54	
821	54.805	1535.33	-0.08	45.14	
821	7.9	1486.21	-0.09	44.95	
821	19.534	1545.24	-0.09	45	
821	7.974	1396.67	0.11	34.96	
821	20.327	1470.36	0.21	46.47	
821	41.203	1488.68	-2.26	43.83	
821	29.334	1429.6	0.16	45	
821	19.112	1396.2	1.66	46.03	
821	54.424	1457.02	0.17	50.16	
821	54.441	1370.11	0.7	55.19	
821	42.371	1428.9	-1.88	50.95	
822	54.795	1539.83	-0.1	45.01	
822	7.892	1490.7	-0.08	44.83	
822	19.525	1549.74	-0.09	45	
822	7.986	1400.16	0.12	34.86	
822	20.319	1474.93	-0.08	45.67	
822	41.061	1493	-1.42	43.17	
822	29.348	1434.1	0.14	45	
822	19.277	1400.8	1.65	45.98	
822	54.441	1462.11	0.17	50.88	
822	54.541	1375.55	1	54.33	
822	42.188	1434.02	-1.83	51.16	
823	54.803	1544.27	0.08	44.46	
823	7.883	1495.19	-0.09	44.93	
823	7.997	1403.65	0.11	34.97	
823	20.304	1479.46	-0.15	45.34	
823	40.998	1497.26	-0.63	42.59	
823	29.363	1438.6	0.15	45	
823	19.443	1405.4	1.66	45.97	
823	54.438	1467.22	-0.03	51.14	
823	54.57	1380.83	0.29	52.83	
823	42.005	1439.12	-1.83	51.05	
824	54.778	1548.64	-0.25	43.71	
824	7.833	1499.74	-0.5	45.54	
824	7.994	1407.2	-0.03	35.43	
824	20.295	1484	-0.09	45.43	
824	41.01	1501.47	0.12	42.12	
824	29.378	1443.1	0.15	45	
824	19.616	1409.99	1.73	45.97	
824	54.428	1472.31	-0.1	50.88	
824	54.572	1385.99	0.02	51.67	
824	41.822	1444.23	-1.83	51.03	
825	7.801	1504.43	-0.32	46.92	
825	8.005	1410.82	0.11	36.27	
825	20.286	1488.55	-0.09	45.51	
825	41.002	1505.64	-0.08	41.7	
825	29.393	1447.6	0.15	45	
825	5.429	1355.9	1.75	30.42	
825	19.782	1414.6	1.66	46.03	
825	54.418	1477.32	-0.1	50.16	
825	54.502	1391.01	-0.7	50.17	
825	41.639	1449.33	-1.83	51.03	
826	7.814	1509.24	0.13	48.08	
826	8.033	1414.53	0.28	37.03	
826	20.277	1493.1	-0.09	45.48	
826	40.993	1509.78	-0.09	41.42	
826	29.407	1452.09	0.14	44.91	
826	5.589	1358.94	1.6	30.47	
826	19.899	1419.21	1.17	46.17	
826	54.408	1482.31	-0.1	49.83	
826	54.462	1395.95	-0.4	49.42	
826	41.45	1454.44	-1.89	51.15	
827	7.846	1514.19	0.32	49.46	
827	8.046	1418.27	0.13	37.39	
827	20.268	1497.64	-0.09	45.35	
827	40.986	1513.91	-0.07	41.29	
827	29.423	1456.6	0.16	45.09	
827	5.749	1361.99	1.6	30.52	
827	19.962	1423.85	0.63	46.33	
827	54.399	1487.31	-0.09	50	
827	54.428	1400.88	-0.34	49.29	
827	41.313	1459.56	-1.37	51.12	
828	7.836	1519.2	-0.1	50.07	
828	8.058	1422.03	0.12	37.61	
828	20.252	1502.17	-0.16	45.38	
828	40.977	1518.05	-0.09	41.46	
828	29.438	1461.15	0.15	45.48	
828	5.909	1365.04	1.6	30.44	
828	19.978	1428.49	0.16	46.47	
828	54.388	1492.31	-0.11	50	
828	54.395	1405.83	-0.33	49.46	
828	41.178	1464.57	-1.35	50.08	
829	7.826	1524.21	-0.1	50.17	
829	8.055	1425.82	-0.03	37.97	
829	20.23	1506.76	-0.22	45.87	
829	40.969	1522.23	-0.08	41.8	
829	29.442	1465.71	0.04	45.61	
829	6.069	1368.07	1.6	30.33	
829	19.984	1433.14	0.06	46.51	
829	54.379	1497.31	-0.09	50	
829	54.361	1410.78	-0.34	49.53	
829	41.014	1469.44	-1.64	48.74	
829	52.836	1355.02	0.16	49.45	
830	7.816	1529.22	-0.1	50.04	
830	8.068	1429.7	0.13	38.73	
830	20.227	1511.46	-0.03	47	
830	40.961	1526.44	-0.08	42.02	
830	29.433	1470.26	-0.09	45.47	
830	6.232	1371.12	1.63	30.46	
830	20	1437.8	0.16	46.52	
830	54.368	1502.31	-0.11	50	
830	54.328	1415.73	-0.33	49.5	
830	40.858	1474.18	-1.56	47.37	
830	52.853	1360.01	0.17	49.89	
830	43.659	1359.8	-1.6	53.7	
831	7.805	1534.21	-0.11	49.98	
831	8.098	1433.65	0.3	39.58	
831	20.267	1516.3	0.4	48.37	
831	40.952	1530.64	-0.09	42.07	
831	29.424	1474.77	-0.09	45.09	
831	6.345	1374.22	1.13	31.07	
831	20.015	1442.44	0.15	46.49	
831	54.359	1507.31	-0.09	50	
831	54.285	1420.68	-0.43	49.48	
831	40.755	1478.81	-1.03	46.35	
831	52.87	1365.02	0.17	50.11	
831	43.432	1365.23	-2.27	54.27	
832	7.796	1539.21	-0.09	50	
832	8.111	1437.66	0.13	40.02	
832	20.337	1521.25	0.7	49.53	
832	40.944	1534.84	-0.08	42.01	
832	29.414	1479.26	-0.1	44.91	
832	6.466	1377.46	1.21	32.4	
832	20.03	1447.1	0.15	46.52	
832	54.349	1512.31	-0.1	50	
832	54.257	1425.63	-0.28	49.47	
832	40.646	1483.45	-1.09	46.35	
832	52.886	1370.02	0.16	50	
832	43.187	1370.71	-2.45	54.87	
833	7.786	1544.21	-0.1	50	
833	8.123	1441.67	0.12	40.14	
833	20.339	1526.22	0.02	49.66	
833	40.936	1539.04	-0.08	42	
833	29.406	1483.76	-0.08	45	
833	6.618	1380.82	1.52	33.59	
833	20.046	1451.75	0.16	46.5	
833	54.339	1517.31	-0.1	50	
833	54.272	1430.58	0.15	49.49	
833	40.537	1488.09	-1.09	46.45	
833	52.903	1375.02	0.17	50	
833	42.897	1376.25	-2.9	55.4	
834	7.776	1549.21	-0.1	49.98	
834	8.137	1445.67	0.14	40.04	
834	20.296	1531.1	-0.43	48.81	
834	40.928	1543.24	-0.08	42.01	
834	29.397	1488.26	-0.09	45	
834	6.776	1384.32	1.58	34.91	
834	20.055	1456.41	0.09	46.62	
834	54.329	1522.31	-0.1	50	
834	54.318	1435.54	0.46	49.61	
834	40.428	1492.74	-1.09	46.53	
834	52.92	1380.02	0.17	50	
834	42.614	1381.82	-2.83	55.63	
835	8.15	1449.67	0.13	40	
835	20.189	1535.85	-1.07	47.55	
835	40.919	1547.45	-0.09	42.03	
835	29.388	1492.76	-0.09	45	
835	6.886	1387.87	1.1	35.55	
835	20.083	1461.08	0.28	46.66	
835	54.32	1527.31	-0.09	49.98	
835	54.368	1440.52	0.5	49.81	
835	40.319	1497.4	-1.09	46.56	
835	52.937	1385.02	0.17	50	
835	42.333	1387.37	-2.81	55.56	
836	8.164	1453.67	0.14	39.93	
836	20.042	1540.53	-1.47	46.8	
836	29.379	1497.26	-0.09	45	
836	6.997	1391.44	1.11	35.66	
836	20.119	1465.7	0.36	46.27	
836	54.31	1532.31	-0.1	50.05	
836	54.393	1445.51	0.25	49.95	
836	40.197	1502.05	-1.22	46.5	
836	52.953	1390.02	0.16	50	
836	42.051	1392.93	-2.82	55.55	
837	8.177	1457.65	0.13	39.86	
837	19.876	1545.21	-1.66	46.72	
837	29.37	1501.76	-0.09	45	
837	7.109	1394.99	1.12	35.54	
837	20.148	1470.26	0.29	45.61	
837	54.3	1537.32	-0.1	50.13	
837	54.404	1450.5	0.11	49.86	
837	40.112	1506.68	-0.85	46.28	
837	52.97	1395.02	0.17	50	
837	41.77	1398.49	-2.81	55.63	
838	8.191	1461.66	0.14	40.06	
838	19.714	1549.9	-1.62	46.9	
838	29.361	1506.26	-0.09	45	
838	7.221	1398.54	1.12	35.49	
838	20.173	1474.76	0.25	44.99	
838	54.29	1542.33	-0.1	50.03	
838	54.42	1455.52	0.16	50.17	
838	40.07	1511.26	-0.42	45.84	
838	52.987	1400.02	0.17	50	
838	41.475	1404.03	-2.95	55.43	
839	8.151	1465.73	-0.4	40.71	
839	29.352	1510.76	-0.09	45	
839	7.332	1402.09	1.11	35.53	
839	20.17	1479.24	-0.03	44.82	
839	54.297	1547.28	0.07	49.57	
839	54.437	1460.61	0.17	50.92	
839	40.053	1515.8	-0.17	45.33	
839	53.002	1405.02	0.15	50	
839	41.26	1409.51	-2.15	54.81	
840	8.119	1469.93	-0.32	41.97	
840	29.344	1515.26	-0.08	45	
840	7.444	1405.65	1.12	35.54	
840	20.155	1483.73	-0.15	44.91	
840	54.442	1465.74	0.05	51.28	
840	40.078	1520.29	0.25	44.99	
840	53.019	1410.02	0.17	50	
840	41.1	1414.9	-1.6	53.83	
841	8.134	1474.25	0.15	43.19	
841	29.335	1519.76	-0.09	44.98	
841	7.562	1409.18	1.18	35.36	
841	20.146	1488.22	-0.09	44.85	
841	54.431	1470.83	-0.11	50.89	
841	40.081	1524.78	0.03	44.88	
841	53.036	1415.02	0.17	50	
841	40.995	1420.16	-1.05	52.68	
842	8.166	1478.69	0.32	44.43	
842	29.326	1524.26	-0.09	45.05	
842	7.677	1412.69	1.15	35.04	
842	20.138	1492.71	-0.08	44.94	
842	54.438	1475.79	0.07	49.63	
842	40.066	1529.28	-0.15	44.95	
842	53.052	1420.02	0.16	50	
842	31.886	1358.58	-1.03	44.8	
842	40.946	1425.34	-0.49	51.7	
843	8.157	1483.2	-0.09	45.08	
843	29.316	1528.78	-0.1	45.14	
843	7.755	1416.18	0.78	34.93	
843	20.088	1497.27	-0.5	45.54	
843	54.412	1480.64	-0.26	48.53	
843	40.057	1533.78	-0.09	45.01	
843	53.069	1425.02	0.17	50	
843	31.876	1363.05	-0.1	44.66	
843	40.976	1430.44	0.3	51.08	
844	8.148	1487.71	-0.09	45.16	
844	29.307	1533.28	-0.09	45.01	
844	7.749	1419.72	-0.06	35.43	
844	20.056	1501.96	-0.32	46.92	
844	54.403	1485.49	-0.09	48.47	
844	40.048	1538.28	-0.09	45.01	
844	53.085	1430.02	0.16	49.98	
844	31.899	1367.45	0.23	43.97	
844	40.992	1435.53	0.16	50.88	
844	55.597	1358.02	-0.01	45.3	
845	8.139	1492.22	-0.09	45.04	
845	29.315	1537.72	0.08	44.47	
845	7.748	1423.4	-0.01	36.83	
845	20.069	1506.77	0.13	48.08	
845	54.394	1490.37	-0.09	48.8	
845	40.039	1542.78	-0.09	45	
845	53.102	1435.03	0.17	50.05	
845	19.323	1357.17	-0.47	37.35	
845	31.915	1371.76	0.16	43.1	
845	41.01	1440.62	0.18	50.94	
845	55.611	1362.53	0.14	45.09	
846	8.131	1496.71	-0.08	44.98	
846	29.29	1542.09	-0.25	43.69	
846	7.785	1427.2	0.37	37.98	
846	20.1	1511.71	0.31	49.46	
846	54.4	1495.26	0.06	48.89	
846	40.03	1547.28	-0.09	44.98	
846	53.119	1440.04	0.17	50.14	
846	19.292	1360.94	-0.31	37.62	
846	31.951	1375.95	0.36	41.94	
846	41.027	1445.73	0.17	51.02	
846	55.626	1367.02	0.15	44.87	
847	8.122	1501.21	-0.09	45	
847	29.282	1546.42	-0.08	43.32	
847	7.84	1431.15	0.55	39.43	
847	20.09	1516.72	-0.1	50.07	
847	54.413	1500.08	0.13	48.21	
847	53.136	1445.04	0.17	49.99	
847	19.302	1364.75	0.1	38.16	
847	31.96	1380.01	0.09	40.61	
847	41.044	1450.82	0.17	50.92	
847	55.641	1371.51	0.15	44.95	
848	8.113	1505.72	-0.09	45.01	
848	7.853	1435.15	0.13	40.07	
848	20.08	1521.74	-0.1	50.16	
848	54.364	1504.81	-0.49	47.29	
848	53.168	1449.97	0.32	49.33	
848	19.339	1368.65	0.37	38.97	
848	7.838	1355.67	0.12	34.98	
848	31.904	1383.97	-0.56	39.57	
848	41.054	1455.94	0.1	51.18	
848	55.656	1376.02	0.15	45.02	
849	8.104	1510.22	-0.09	45.01	
849	7.866	1439.17	0.13	40.17	
849	20.07	1526.74	-0.1	50.05	
849	54.317	1509.53	-0.47	47.2	
849	53.168	1454.88	0	49.04	
849	19.391	1372.62	0.52	39.69	
849	7.849	1359.17	0.11	35	
849	31.841	1387.91	-0.63	39.45	
849	41.077	1461.09	0.23	51.55	
849	55.671	1380.51	0.15	44.99	
850	8.095	1514.71	-0.09	44.96	
850	7.879	1443.17	0.13	40.05	
850	20.06	1531.74	-0.1	49.98	
850	54.305	1514.34	-0.12	48.17	
850	53.184	1459.81	0.16	49.33	
850	19.413	1376.62	0.22	40.04	
850	7.861	1362.67	0.12	35.03	
850	31.816	1391.95	-0.25	40.41	
850	41.113	1466.23	0.36	51.37	
850	55.686	1385.01	0.15	45	
851	8.086	1519.2	-0.09	44.85	
851	7.892	1447.17	0.13	39.98	
851	20.05	1536.74	-0.1	50	
851	54.336	1519.28	0.31	49.37	
851	53.194	1464.74	0.1	49.28	
851	19.42	1380.63	0.07	40.09	
851	7.873	1366.19	0.12	35.16	
851	31.861	1396.13	0.45	41.74	
851	41.147	1471.31	0.34	50.76	
851	55.702	1389.51	0.16	44.98	
852	8.077	1523.7	-0.09	45.01	
852	7.905	1451.17	0.13	40.01	
852	20.041	1541.74	-0.09	50	
852	54.326	1524.29	-0.1	50.06	
852	53.198	1469.59	0.04	48.51	
852	19.433	1384.63	0.13	40.03	
852	7.891	1369.7	0.18	35.12	
852	31.881	1400.38	0.2	42.54	
852	41.171	1476.31	0.24	50.01	
852	55.716	1394.02	0.14	45.05	
853	8.052	1528.25	-0.25	45.51	
853	7.918	1455.17	0.13	39.97	
853	20.031	1546.74	-0.1	50	
853	54.316	1529.3	-0.1	50.17	
853	53.175	1474.32	-0.23	47.35	
853	19.447	1388.63	0.14	39.99	
853	7.92	1373.16	0.29	34.59	
853	31.895	1404.65	0.14	42.7	
853	41.167	1481.28	-0.04	49.76	
853	55.731	1398.53	0.15	45.11	
854	8.06	1532.86	0.08	46.12	
854	7.933	1459.17	0.15	40.02	
854	54.307	1534.31	-0.09	50.05	
854	53.152	1479.04	-0.23	47.15	
854	19.461	1392.63	0.14	40	
854	7.919	1376.5	-0.01	33.41	
854	31.91	1408.91	0.15	42.56	
854	41.151	1486.28	-0.16	49.97	
854	55.753	1403.02	0.22	44.91	
855	8.05	1537.51	-0.1	46.51	
855	7.945	1463.19	0.12	40.13	
855	54.296	1539.31	-0.11	49.98	
855	53.157	1483.81	0.05	47.76	
855	19.474	1396.63	0.13	40	
855	7.859	1379.71	-0.6	32.13	
855	31.924	1413.15	0.14	42.47	
855	41.141	1491.28	-0.1	50.01	
855	55.773	1407.47	0.2	44.53	
856	8.041	1542.19	-0.09	46.75	
856	7.939	1467.2	-0.06	40.17	
856	54.287	1544.31	-0.09	50	
856	53.186	1488.58	0.29	47.63	
856	19.487	1400.63	0.13	40	
856	7.771	1382.81	-0.88	30.96	
856	31.938	1417.4	0.14	42.42	
856	41.131	1496.28	-0.1	50.01	
856	55.725	1411.91	-0.48	44.37	
856	41.477	1355.62	0.16	48.37	
857	7.993	1546.92	-0.48	47.29	
857	7.931	1471.22	-0.08	40.14	
857	54.277	1549.31	-0.1	50	
857	53.154	1493.26	-0.32	46.78	
857	19.5	1404.63	0.13	40	
857	7.724	1385.85	-0.47	30.43	
857	31.916	1421.64	-0.22	42.45	
857	41.121	1501.28	-0.1	50	
857	55.582	1416.4	-1.43	44.87	
857	41.493	1360.52	0.16	48.94	
858	7.923	1475.21	-0.08	39.98	
858	53.129	1497.85	-0.25	45.98	
858	19.514	1408.63	0.14	40	
858	7.688	1388.89	-0.36	30.35	
858	31.972	1425.91	0.56	42.65	
858	41.111	1506.28	-0.1	50	
858	55.431	1421.01	-1.51	46.17	
858	41.509	1365.42	0.16	49.07	
858	53.5	1357.54	-0.61	45.12	
859	7.915	1479.2	-0.08	39.81	
859	53.103	1502.46	-0.26	46.05	
859	19.527	1412.63	0.13	40	
859	7.648	1391.94	-0.4	30.47	
859	32.206	1430.22	2.34	43.18	
859	41.101	1511.28	-0.1	50	
859	55.304	1425.76	-1.27	47.51	
859	41.519	1370.32	0.1	48.96	
859	53.492	1362	-0.08	44.59	
860	7.908	1483.19	-0.07	39.93	
860	53.091	1507.15	-0.12	46.92	
860	19.54	1416.63	0.13	40	
860	7.608	1394.99	-0.4	30.52	
860	32.571	1434.63	3.65	44.05	
860	41.091	1516.28	-0.1	50	
860	55.128	1430.61	-1.76	48.41	
860	41.542	1375.22	0.23	48.99	
860	53.513	1366.44	0.21	44.43	
861	7.858	1487.24	-0.5	40.55	
861	53.084	1511.96	-0.07	48.08	
861	19.554	1420.63	0.14	40	
861	7.568	1398.04	-0.4	30.47	
861	33.084	1439.11	5.13	44.8	
861	41.082	1521.28	-0.09	49.99	
861	54.943	1435.47	-1.85	48.69	
861	41.592	1380.13	0.5	49.15	
861	53.528	1370.88	0.15	44.43	
862	7.827	1491.43	-0.31	41.91	
862	53.091	1516.85	0.07	48.96	
862	19.566	1424.63	0.12	40	
862	7.528	1401.07	-0.4	30.35	
862	33.449	1443.62	3.65	45.11	
862	41.071	1526.28	-0.11	50.03	
862	54.759	1440.33	-1.84	48.58	
862	41.652	1385.08	0.6	49.45	
862	53.544	1375.34	0.16	44.51	
863	7.842	1495.74	0.15	43.08	
863	53.098	1521.76	0.07	49.1	
863	19.58	1428.63	0.14	40	
863	7.485	1404.11	-0.43	30.4	
863	33.648	1448.12	1.99	44.98	
863	41.062	1531.3	-0.09	50.15	
863	54.576	1445.18	-1.83	48.5	
863	41.702	1390.06	0.5	49.78	
863	53.558	1379.78	0.14	44.48	
864	7.874	1500.19	0.32	44.46	
864	53.136	1526.58	0.38	48.19	
864	19.593	1432.63	0.13	40	
864	7.418	1407.2	-0.67	30.94	
864	33.694	1452.59	0.46	44.7	
864	41.052	1536.31	-0.1	50.07	
864	54.392	1450.02	-1.84	48.39	
864	41.724	1395.05	0.22	49.98	
864	53.573	1384.22	0.15	44.38	
865	7.865	1504.7	-0.09	45.07	
865	53.079	1531.27	-0.57	46.82	
865	19.607	1436.63	0.14	40	
865	7.376	1410.41	-0.42	32.11	
865	33.68	1457.09	-0.14	44.97	
865	41.072	1541.27	0.2	49.69	
865	54.199	1454.89	-1.93	48.7	
865	41.735	1400.06	0.11	50.05	
865	53.588	1388.66	0.15	44.42	
866	7.856	1509.21	-0.09	45.16	
866	53.054	1535.86	-0.25	45.99	
866	19.62	1440.63	0.13	40	
866	7.39	1413.75	0.14	33.39	
866	33.695	1461.64	0.15	45.51	
866	41.031	1546.16	-0.41	48.88	
866	54.025	1459.81	-1.74	49.2	
866	41.751	1405.06	0.16	50.04	
866	53.583	1393.15	-0.05	44.83	
867	7.847	1513.72	-0.09	45.05	
867	53.045	1540.47	-0.09	46.05	
867	19.633	1444.63	0.13	40	
867	7.428	1417.21	0.38	34.56	
867	33.696	1466.21	0.01	45.74	
867	53.892	1464.72	-1.33	49.11	
867	17.347	1358.62	0.15	45.03	
867	41.768	1410.06	0.17	49.96	
867	53.583	1397.72	0	45.7	
868	7.838	1518.21	-0.09	44.98	
868	53.036	1545.12	-0.09	46.51	
868	19.647	1448.63	0.14	40	
868	7.444	1420.72	0.16	35.1	
868	33.716	1470.78	0.2	45.66	
868	53.775	1469.56	-1.17	48.39	
868	17.362	1363.15	0.15	45.31	
868	41.784	1415.04	0.16	49.83	
868	30.179	1356.26	-0.35	45.68	
868	53.614	1402.4	0.31	46.8	
869	7.829	1522.71	-0.09	45	
869	53.026	1549.8	-0.1	46.84	
869	19.659	1452.63	0.12	39.94	
869	7.455	1424.24	0.11	35.16	
869	33.676	1475.32	-0.4	45.38	
869	53.706	1474.29	-0.69	47.33	
869	17.378	1367.66	0.16	45.05	
869	41.801	1420.04	0.17	49.93	
869	30.145	1360.86	-0.34	45.99	
869	53.649	1407.16	0.35	47.67	
870	7.82	1527.21	-0.09	45	
870	19.673	1456.63	0.14	40.06	
870	7.467	1427.74	0.12	35.03	
870	33.487	1479.83	-1.89	45.14	
870	53.656	1478.97	-0.5	46.81	
870	17.409	1372.11	0.31	44.47	
870	41.776	1425.09	-0.25	50.54	
870	30.1	1365.47	-0.45	46.1	
870	53.665	1411.97	0.16	48.07	
870	41.097	1358.06	0.17	49.56	
871	7.811	1531.71	-0.09	45	
871	19.686	1460.66	0.13	40.31	
871	7.479	1431.24	0.12	34.98	
871	33.155	1484.3	-3.32	44.68	
871	53.596	1483.67	-0.6	46.94	
871	17.407	1376.49	-0.02	43.88	
871	6.831	1353.66	0.08	24.82	
871	41.771	1430.28	-0.05	51.93	
871	30.077	1370.06	-0.23	45.87	
871	53.681	1416.78	0.16	48.12	
871	41.113	1363.05	0.16	49.92	
872	7.803	1536.21	-0.08	45	
872	19.693	1464.71	0.07	40.43	
872	7.49	1434.74	0.11	35.02	
872	32.762	1488.66	-3.93	43.67	
872	53.537	1488.37	-0.59	46.98	
872	17.421	1380.84	0.14	43.46	
872	6.84	1356.15	0.09	24.94	
872	41.812	1435.6	0.41	53.15	
872	30.09	1374.61	0.13	45.51	
872	53.697	1421.59	0.16	48.03	
872	41.13	1368.06	0.17	50.08	
872	52.587	1355.51	0.15	44.28	
873	7.794	1540.72	-0.09	45.02	
873	19.685	1468.74	-0.08	40.28	
873	7.495	1438.24	0.05	35.01	
873	32.37	1492.91	-3.92	42.44	
873	53.478	1493.07	-0.59	47.03	
873	17.435	1385.16	0.14	43.21	
873	6.807	1358.7	-0.33	25.55	
873	41.871	1441.07	0.59	54.72	
873	30.129	1379.12	0.39	45.12	
873	53.713	1426.38	0.16	47.99	
873	41.147	1373.06	0.17	50.01	
873	52.602	1359.99	0.15	44.83	
874	7.785	1545.21	-0.09	44.95	
874	19.677	1472.72	-0.08	39.89	
874	7.513	1441.73	0.18	34.94	
874	32.029	1497.04	-3.41	41.27	
874	53.418	1497.78	-0.6	47.08	
874	17.463	1389.44	0.28	42.79	
874	6.793	1361.4	-0.14	26.91	
874	41.909	1446.56	0.38	54.91	
874	30.178	1383.61	0.49	44.9	
874	53.729	1431.18	0.16	47.95	
874	41.163	1378.06	0.16	50	
874	52.576	1364.55	-0.26	45.65	
875	7.776	1549.7	-0.09	44.84	
875	19.669	1476.71	-0.08	39.87	
875	7.558	1445.22	0.45	34.83	
875	31.757	1501.06	-2.72	40.21	
875	53.35	1502.47	-0.68	46.89	
875	17.464	1393.66	0.01	42.21	
875	6.825	1364.2	0.32	28.08	
875	41.974	1451.84	0.65	52.76	
875	30.201	1388.1	0.23	44.89	
875	53.738	1435.97	0.09	47.9	
875	41.179	1383.06	0.16	50	
875	52.568	1369.24	-0.08	46.92	
876	19.62	1480.77	-0.49	40.54	
876	7.614	1448.69	0.56	34.77	
876	31.337	1504.96	-4.2	39.09	
876	53.297	1507.13	-0.53	46.61	
876	17.477	1397.84	0.13	41.79	
876	6.876	1367.15	0.51	29.46	
876	41.991	1456.97	0.17	51.33	
876	30.21	1392.6	0.09	44.96	
876	53.761	1440.77	0.23	48.05	
876	41.196	1388.06	0.17	50	
876	52.608	1374.05	0.4	48.08	
877	19.589	1484.96	-0.31	41.93	
877	7.658	1452.18	0.44	34.85	
877	30.909	1508.8	-4.28	38.36	
877	53.286	1511.79	-0.11	46.59	
877	17.491	1401.99	0.14	41.54	
877	6.886	1370.16	0.1	30.07	
877	42.007	1461.92	0.16	49.47	
877	30.225	1397.1	0.15	45.02	
877	53.81	1445.62	0.49	48.49	
877	41.213	1393.06	0.17	50	
877	52.665	1379	0.57	49.45	
878	19.604	1489.27	0.15	43.1	
878	7.676	1455.67	0.18	34.87	
878	30.624	1512.62	-2.85	38.16	
878	53.27	1516.51	-0.16	47.24	
878	17.521	1406.11	0.3	41.1	
878	6.896	1373.17	0.1	30.16	
878	41.958	1466.69	-0.49	47.73	
878	30.24	1401.6	0.15	45.01	
878	53.865	1450.52	0.55	48.97	
878	41.23	1398.06	0.17	50	
878	52.681	1384.01	0.16	50.07	
879	19.636	1493.73	0.32	44.6	
879	7.682	1459.15	0.06	34.89	
879	30.524	1516.5	-1	38.82	
879	53.286	1521.36	0.16	48.47	
879	17.519	1410.16	-0.02	40.55	
879	6.906	1376.18	0.1	30.04	
879	41.93	1471.3	-0.28	46.12	
879	30.255	1406.1	0.15	45	
879	53.92	1455.51	0.55	49.88	
879	41.246	1403.06	0.16	50	
879	52.698	1389.02	0.17	50.17	
880	19.627	1498.24	-0.09	45.08	
880	7.693	1462.67	0.11	35.14	
880	30.546	1520.49	0.22	39.94	
880	53.329	1526.3	0.43	49.45	
880	17.532	1414.17	0.13	40.14	
880	6.916	1379.18	0.1	29.99	
880	41.891	1475.78	-0.39	44.76	
880	30.27	1410.6	0.15	45	
880	53.943	1460.6	0.23	50.89	
880	41.263	1408.06	0.17	50	
880	52.715	1394.03	0.17	50.04	
881	19.634	1502.7	0.07	44.63	
881	7.674	1466.24	-0.19	35.68	
881	30.606	1524.57	0.6	40.75	
881	53.329	1531.26	0	49.6	
881	17.551	1418.15	0.19	39.73	
881	6.926	1382.18	0.1	30	
881	41.913	1480.29	0.22	45.14	
881	30.285	1415.1	0.15	45	
881	53.942	1465.72	-0.01	51.2	
881	41.279	1413.06	0.16	49.99	
881	52.731	1399.02	0.16	49.98	
882	19.609	1507.07	-0.25	43.72	
882	7.684	1469.86	0.1	36.25	
882	30.643	1528.68	0.37	41.11	
882	53.32	1536.16	-0.09	48.97	
882	17.549	1422.08	-0.02	39.35	
882	6.936	1385.18	0.1	30	
882	42.054	1484.92	1.41	46.34	
882	30.3	1419.6	0.15	45	
882	53.932	1470.81	-0.1	50.9	
882	41.296	1418.06	0.17	50	
882	52.748	1404.02	0.17	50	
882	41.409	1357.86	0.4	52.82	
883	19.601	1511.41	-0.08	43.35	
883	7.676	1473.52	-0.08	36.56	
883	30.681	1532.78	0.38	41.01	
883	53.312	1540.95	-0.08	47.9	
883	17.529	1426.02	-0.2	39.33	
883	6.946	1388.18	0.1	30	
883	42.23	1489.64	1.76	47.16	
883	30.314	1424.1	0.14	45	
883	53.922	1475.82	-0.1	50.16	
883	29.597	1358.6	0.15	44.94	
883	41.313	1423.06	0.17	50	
883	52.765	1409.02	0.17	50	
883	41.403	1363.03	-0.06	51.67	
884	19.576	1515.79	-0.25	43.83	
884	7.669	1477.19	-0.07	36.77	
884	30.719	1536.87	0.38	40.89	
884	53.284	1545.65	-0.28	47.05	
884	17.543	1430.03	0.14	40.13	
884	6.956	1391.18	0.1	30	
884	42.374	1494.39	1.44	47.5	
884	30.33	1428.6	0.16	45	
884	53.912	1480.81	-0.1	49.83	
884	29.613	1363.1	0.16	45.05	
884	41.329	1428.06	0.16	50	
884	52.782	1414.02	0.17	50	
884	41.379	1368.09	-0.24	50.63	
885	19.584	1520.24	0.08	44.48	
885	7.648	1480.91	-0.21	37.2	
885	30.756	1540.96	0.37	40.9	
885	17.626	1434.19	0.83	41.58	
885	6.966	1394.18	0.1	30	
885	42.388	1499.15	0.14	47.59	
885	30.345	1433.1	0.15	45	
885	53.902	1485.81	-0.1	49.99	
885	29.627	1367.6	0.14	45	
885	41.346	1433.06	0.17	50	
885	52.798	1419.02	0.16	50	
885	41.396	1373.08	0.17	49.93	
886	19.591	1524.69	0.07	44.48	
886	7.653	1484.69	0.05	37.79	
886	30.793	1545.04	0.37	40.85	
886	17.787	1438.48	1.61	42.91	
886	6.976	1397.18	0.1	30	
886	42.348	1503.94	-0.4	47.89	
886	30.359	1437.6	0.14	45	
886	53.892	1490.81	-0.1	50	
886	29.642	1372.1	0.15	45	
886	41.363	1438.06	0.17	50	
886	52.815	1424.02	0.17	50	
886	41.412	1378.06	0.16	49.83	
887	19.566	1529.07	-0.25	43.84	
887	7.647	1488.52	-0.06	38.21	
887	30.831	1549.13	0.38	40.84	
887	17.967	1442.87	1.8	43.96	
887	6.986	1400.18	0.1	30.02	
887	42.339	1508.81	-0.09	48.68	
887	30.374	1442.1	0.15	45	
887	53.883	1495.8	-0.09	49.99	
887	19.331	1353.73	0.08	37.09	
887	29.657	1376.6	0.15	45	
887	41.379	1443.06	0.16	50	
887	52.832	1429.02	0.17	50	
887	41.429	1383.06	0.17	49.96	
888	19.558	1533.41	-0.08	43.36	
888	7.639	1492.36	-0.08	38.46	
888	18.132	1447.3	1.65	44.24	
888	6.995	1403.17	0.09	29.95	
888	42.346	1513.76	0.07	49.57	
888	30.389	1446.6	0.15	45	
888	53.872	1500.81	-0.11	50.05	
888	19.344	1357.48	0.13	37.58	
888	29.672	1381.1	0.15	45.01	
888	41.396	1448.06	0.17	50	
888	52.848	1434.02	0.16	50	
888	41.446	1388.06	0.17	50.01	
888	53.586	1355.02	0.17	49.44	
889	19.532	1537.77	-0.26	43.68	
889	7.615	1496.25	-0.24	38.88	
889	18.296	1451.7	1.64	44.02	
889	7.005	1406.16	0.1	29.84	
889	42.336	1518.77	-0.1	50.04	
889	30.405	1451.09	0.16	44.9	
889	53.862	1505.82	-0.1	50.14	
889	19.339	1361.3	-0.05	38.14	
889	29.687	1385.6	0.15	45	
889	41.412	1453.05	0.16	49.87	
889	52.865	1439.02	0.17	50	
889	41.462	1393.06	0.16	50	
889	53.603	1360.01	0.17	49.89	
890	19.54	1542.22	0.08	44.46	
890	7.623	1500.2	0.08	39.49	
890	18.461	1456.1	1.65	44.02	
890	7.016	1409.15	0.11	29.93	
890	42.326	1523.78	-0.1	50.13	
890	30.419	1455.6	0.14	45.09	
890	53.852	1510.82	-0.1	50.01	
890	19.37	1365.18	0.31	38.78	
890	29.702	1390.1	0.15	44.99	
890	41.429	1458.06	0.17	50.13	
890	52.882	1444.02	0.17	50	
890	41.479	1398.06	0.17	50.02	
890	53.619	1365.02	0.16	50.11	
891	19.531	1546.72	-0.09	45.01	
891	7.615	1504.2	-0.08	40	
891	18.625	1460.54	1.64	44.35	
891	6.985	1412.2	-0.31	30.54	
891	42.316	1528.79	-0.1	50.04	
891	30.435	1460.15	0.16	45.49	
891	53.859	1515.77	0.07	49.46	
891	19.382	1369.08	0.12	39.07	
891	29.717	1394.6	0.15	45	
891	41.446	1463.13	0.17	50.66	
891	52.898	1449.01	0.16	49.83	
891	41.496	1403.06	0.17	49.95	
891	53.636	1370.02	0.17	50	
892	7.607	1508.21	-0.08	40.14	
892	18.791	1464.98	1.66	44.46	
892	6.973	1415.4	-0.12	31.92	
892	42.306	1533.78	-0.1	49.98	
892	30.443	1464.71	0.08	45.62	
892	53.833	1520.64	-0.26	48.71	
892	19.395	1372.96	0.13	38.75	
892	29.732	1399.1	0.15	45	
892	41.437	1468.21	-0.09	50.87	
892	52.914	1454.02	0.16	50.16	
892	41.512	1408.04	0.16	49.83	
892	53.653	1375.02	0.17	50	
893	7.6	1512.22	-0.07	40.04	
893	18.933	1469.4	1.42	44.22	
893	7.007	1418.7	0.34	33.08	
893	42.297	1538.78	-0.09	50	
893	30.434	1469.26	-0.09	45.54	
893	53.824	1525.48	-0.09	48.43	
893	19.408	1376.8	0.13	38.43	
893	29.746	1403.6	0.14	45	
893	41.428	1473.28	-0.09	50.67	
893	52.931	1459.11	0.17	50.86	
893	41.528	1413.04	0.16	49.94	
893	53.669	1380.02	0.16	50	
894	7.592	1516.21	-0.08	39.98	
894	19.028	1473.76	0.95	43.58	
894	7.059	1422.15	0.52	34.46	
894	42.286	1543.78	-0.11	50.01	
894	30.425	1473.79	-0.09	45.23	
894	53.814	1530.36	-0.1	48.72	
894	19.405	1380.67	-0.03	38.7	
894	29.762	1408.1	0.16	45.01	
894	41.418	1478.3	-0.1	50.13	
894	52.943	1464.22	0.12	51.12	
894	41.504	1418.09	-0.24	50.54	
894	53.686	1385.02	0.17	50	
895	7.584	1520.21	-0.08	40	
895	19.066	1478.06	0.38	42.93	
895	7.07	1425.66	0.11	35.06	
895	42.306	1548.79	0.2	50.03	
895	30.416	1478.28	-0.09	44.9	
895	53.804	1535.26	-0.1	49.01	
895	19.434	1384.62	0.29	39.46	
895	29.777	1412.6	0.15	45	
895	41.407	1483.28	-0.11	49.87	
895	52.934	1469.31	-0.09	50.84	
895	41.499	1423.28	-0.05	51.92	
895	53.702	1390.02	0.16	50	
896	7.576	1524.21	-0.08	40.01	
896	19.057	1482.31	-0.09	42.59	
896	7.082	1429.17	0.12	35.17	
896	30.424	1482.73	0.08	44.51	
896	53.795	1540.15	-0.09	48.89	
896	19.447	1388.62	0.13	40.01	
896	29.792	1417.1	0.15	45	
896	41.397	1488.28	-0.1	50	
896	52.924	1474.32	-0.1	50.16	
896	41.539	1428.59	0.4	53.09	
896	53.719	1395.02	0.17	50	
897	7.568	1528.21	-0.08	40	
897	19.04	1486.56	-0.17	42.42	
897	7.094	1432.68	0.12	35.04	
897	30.398	1487.11	-0.26	43.82	
897	53.785	1544.99	-0.1	48.42	
897	19.46	1392.63	0.13	40.14	
897	29.806	1421.6	0.14	45	
897	41.387	1493.28	-0.1	50	
897	52.914	1479.31	-0.1	49.84	
897	30.317	1354.63	-0.02	45.21	
897	41.598	1434.03	0.59	54.43	
897	53.736	1400.02	0.17	50	
898	7.56	1532.21	-0.08	40	
898	19.031	1490.8	-0.09	42.45	
898	7.105	1436.18	0.11	34.99	
898	30.39	1491.45	-0.08	43.37	
898	53.776	1549.81	-0.09	48.21	
898	19.473	1396.64	0.13	40.05	
898	29.821	1426.1	0.15	44.99	
898	41.378	1498.28	-0.09	50	
898	52.904	1484.31	-0.1	50	
898	30.35	1359.26	0.33	46.25	
898	41.616	1439.55	0.18	55.17	
898	53.752	1405.02	0.16	50	
899	7.552	1536.21	-0.08	39.99	
899	19.023	1495.05	-0.08	42.5	
899	7.117	1439.68	0.12	35.01	
899	30.381	1495.78	-0.09	43.33	
899	19.487	1400.63	0.14	39.98	
899	29.836	1430.6	0.15	45	
899	41.368	1503.28	-0.1	50	
899	52.894	1489.3	-0.1	49.99	
899	30.364	1363.93	0.14	46.75	
899	41.635	1445.09	0.19	55.43	
899	40.702	1356.16	2.25	44.47	
899	53.769	1410.02	0.17	50	
900	7.544	1540.21	-0.08	40	
900	19.014	1499.3	-0.09	42.5	
900	7.128	1443.17	0.11	34.96	
900	30.372	1500.1	-0.09	43.18	
900	19.5	1404.63	0.13	40	
900	29.851	1435.1	0.15	45	
900	41.358	1508.28	-0.1	50	
900	52.885	1494.3	-0.09	50	
900	30.396	1368.56	0.32	46.3	
900	41.672	1450.57	0.37	54.74	
900	40.882	1360.76	1.8	46.01	
900	53.785	1415.02	0.16	50	
901	7.537	1544.22	-0.07	40.02	
901	19.006	1503.54	-0.08	42.42	
901	7.141	1446.66	0.13	34.83	
901	30.364	1504.38	-0.08	42.79	
901	6.569	1353.34	1.09	23.44	
901	19.514	1408.63	0.14	40	
901	29.866	1439.6	0.15	45	
901	41.348	1513.28	-0.1	50	
901	52.875	1499.3	-0.1	50	
901	30.396	1373.12	0	45.53	
901	41.738	1455.87	0.66	53.07	
901	41.005	1365.52	1.23	47.61	
901	53.802	1420.02	0.17	50.02	
902	7.528	1548.21	-0.09	39.96	
902	18.992	1507.78	-0.14	42.39	
902	7.152	1450.15	0.11	34.94	
902	30.356	1508.63	-0.08	42.54	
902	6.677	1355.67	1.08	23.34	
902	19.527	1412.63	0.13	40	
902	29.882	1444.1	0.16	45	
902	41.338	1518.28	-0.1	50	
902	52.865	1504.3	-0.1	50	
902	30.411	1377.62	0.15	44.99	
902	41.755	1461.03	0.17	51.53	
902	41.026	1370.45	0.21	49.34	
902	53.819	1425.02	0.17	49.95	
903	18.989	1512.04	-0.03	42.61	
903	7.122	1453.7	-0.3	35.52	
903	30.331	1512.91	-0.25	42.8	
903	6.791	1358.02	1.14	23.48	
903	19.54	1416.63	0.13	40	
903	29.896	1448.6	0.14	45	
903	41.328	1523.28	-0.1	50	
903	52.855	1509.3	-0.1	50	
903	30.426	1382.1	0.15	44.86	
903	41.757	1466.02	0.02	49.88	
903	41.043	1375.42	0.17	49.66	
903	53.835	1430	0.16	49.86	
904	19.005	1516.36	0.16	43.17	
904	7.112	1457.4	-0.1	37.01	
904	30.323	1517.28	-0.08	43.74	
904	6.845	1360.43	0.54	24.12	
904	19.553	1420.63	0.13	40	
904	29.911	1453.09	0.15	44.91	
904	41.319	1528.28	-0.09	49.98	
904	52.845	1514.3	-0.1	50	
904	30.441	1386.6	0.15	44.95	
904	41.652	1470.83	-1.05	48.16	
904	41.059	1380.38	0.16	49.58	
904	53.852	1435	0.17	49.98	
905	19.037	1520.76	0.32	44.02	
905	7.147	1461.21	0.35	38.12	
905	30.33	1521.76	0.07	44.73	
905	6.897	1362.97	0.52	25.39	
905	19.566	1424.63	0.13	40	
905	29.926	1457.6	0.15	45.09	
905	41.308	1533.28	-0.11	50.04	
905	52.835	1519.3	-0.1	50	
905	30.455	1391.1	0.14	45.02	
905	41.699	1475.52	0.47	46.89	
905	41.076	1385.33	0.17	49.49	
905	53.852	1440.06	0	50.54	
906	19.074	1525.24	0.37	44.8	
906	7.192	1465.18	0.45	39.61	
906	30.322	1526.26	-0.08	45.05	
906	6.962	1365.63	0.65	26.6	
906	19.58	1428.63	0.14	40	
906	29.941	1462.15	0.15	45.48	
906	41.299	1538.3	-0.09	50.14	
906	52.826	1524.3	-0.09	50	
906	30.47	1395.6	0.15	45	
906	41.792	1480.31	0.93	47.9	
906	41.092	1390.28	0.16	49.5	
906	53.886	1445.19	0.34	51.33	
906	51.797	1354.76	-0.3	47.38	
907	19.071	1529.74	-0.03	45.01	
907	7.184	1469.19	-0.08	40.19	
907	30.329	1530.73	0.07	44.73	
907	7.025	1368.42	0.63	27.88	
907	19.593	1432.63	0.13	40	
907	29.939	1466.71	-0.02	45.63	
907	41.289	1543.3	-0.1	50.02	
907	52.815	1529.3	-0.11	50	
907	30.485	1400.1	0.15	45	
907	41.988	1485.26	1.96	49.48	
907	41.102	1395.22	0.1	49.49	
907	53.903	1450.35	0.17	51.58	
907	51.826	1359.49	0.29	47.29	
908	19.072	1534.2	0.01	44.59	
908	7.176	1473.21	-0.08	40.18	
908	30.321	1535.12	-0.08	43.86	
908	7.029	1371.27	0.04	28.52	
908	19.607	1436.63	0.14	40	
908	29.93	1471.26	-0.09	45.48	
908	41.296	1548.25	0.07	49.46	
908	52.806	1534.3	-0.09	49.98	
908	30.5	1404.6	0.15	45	
908	42.134	1490.27	1.46	50.14	
908	41.124	1400.17	0.22	49.46	
908	53.961	1455.49	0.58	51.43	
908	51.907	1364.2	0.81	47.14	
909	19.047	1538.59	-0.25	43.88	
909	7.169	1477.21	-0.07	40.02	
909	30.314	1539.4	-0.07	42.82	
909	7.038	1374.14	0.09	28.67	
909	19.62	1440.63	0.13	40	
909	29.921	1475.77	-0.09	45.08	
909	52.796	1539.31	-0.1	50.05	
909	30.515	1409.1	0.15	45	
909	42.162	1495.29	0.28	50.14	
909	41.174	1405.12	0.5	49.49	
909	54.003	1460.57	0.42	50.78	
909	51.972	1368.89	0.65	46.91	
910	19.038	1542.92	-0.09	43.31	
910	7.161	1481.21	-0.08	39.98	
910	30.286	1543.61	-0.28	42.07	
910	7.047	1376.99	0.09	28.55	
910	19.633	1444.63	0.13	40	
910	29.912	1480.26	-0.09	44.95	
910	52.786	1544.32	-0.1	50.16	
910	30.53	1413.6	0.15	45	
910	42.123	1500.29	-0.39	49.99	
910	17.839	1356.14	0.12	39.81	
910	41.235	1410.08	0.61	49.61	
910	53.98	1465.51	-0.23	49.38	
910	52.038	1373.59	0.66	46.98	
911	19.03	1547.24	-0.08	43.2	
911	7.153	1485.21	-0.08	40	
911	30.278	1547.78	-0.08	41.68	
911	7.057	1379.84	0.1	28.48	
911	19.646	1448.64	0.13	40.02	
911	29.903	1484.78	-0.09	45.13	
911	52.776	1549.33	-0.1	50.04	
911	30.545	1418.1	0.15	45	
911	42.113	1505.28	-0.1	49.97	
911	17.853	1360.14	0.14	39.97	
911	41.285	1415.06	0.5	49.8	
911	53.933	1470.31	-0.47	48.03	
911	52.103	1378.29	0.65	47	
912	7.145	1489.21	-0.08	40.01	
912	7.066	1382.68	0.09	28.46	
912	19.659	1452.63	0.13	39.89	
912	29.894	1489.28	-0.09	45.02	
912	30.56	1422.6	0.15	45	
912	42.104	1510.28	-0.09	50.01	
912	17.866	1364.14	0.13	40.04	
912	41.307	1420.06	0.22	49.96	
912	53.885	1475.04	-0.48	47.33	
912	52.169	1382.98	0.66	46.89	
913	7.137	1493.21	-0.08	40	
913	7.069	1385.53	0.03	28.44	
913	19.673	1456.62	0.14	39.91	
913	29.902	1493.74	0.08	44.59	
913	30.574	1427.1	0.14	45	
913	42.094	1515.28	-0.1	50	
913	17.879	1368.14	0.13	40	
913	41.317	1425.06	0.1	50.03	
913	53.873	1479.84	-0.12	48.01	
913	52.231	1387.67	0.62	46.91	
914	7.129	1497.21	-0.08	40	
914	7.085	1388.38	0.16	28.51	
914	19.686	1460.65	0.13	40.32	
914	29.894	1498.12	-0.08	43.84	
914	30.589	1431.6	0.15	45	
914	42.084	1520.28	-0.1	49.99	
914	17.892	1372.14	0.13	40	
914	41.334	1430.06	0.17	50.02	
914	53.904	1484.78	0.31	49.37	
914	52.299	1392.39	0.68	47.26	
914	42.051	1357.11	0.38	47.73	
915	7.121	1501.22	-0.08	40.02	
915	7.127	1391.26	0.42	28.82	
915	19.677	1464.74	-0.09	40.92	
915	29.887	1502.41	-0.07	42.93	
915	30.605	1436.1	0.16	44.98	
915	42.074	1525.28	-0.1	50	
915	17.906	1376.14	0.14	40	
915	41.351	1435.06	0.17	50	
915	53.894	1489.79	-0.1	50.06	
915	52.385	1397.18	0.86	47.86	
915	42.11	1362.03	0.59	49.16	
916	7.114	1505.21	-0.07	39.95	
916	7.181	1394.19	0.54	29.3	
916	19.685	1468.89	0.08	41.45	
916	29.876	1506.62	-0.11	42.07	
916	30.62	1440.6	0.15	45.04	
916	42.064	1530.28	-0.1	50	
916	17.92	1380.14	0.14	40	
916	41.368	1440.06	0.17	50	
916	53.885	1494.8	-0.09	50.18	
916	52.463	1402.01	0.78	48.27	
916	42.126	1367.04	0.16	50.15	
917	7.105	1509.2	-0.09	39.86	
917	7.224	1397.16	0.43	29.72	
917	19.677	1473.05	-0.08	41.6	
917	29.868	1510.74	-0.08	41.17	
917	30.634	1445.12	0.14	45.16	
917	42.055	1535.28	-0.09	50	
917	17.932	1384.14	0.12	40	
917	41.384	1445.06	0.16	50.01	
917	53.874	1499.81	-0.11	50.04	
917	52.512	1406.84	0.49	48.35	
917	42.142	1372.06	0.16	50.17	
918	7.098	1513.19	-0.07	39.98	
918	7.248	1400.16	0.24	29.96	
918	19.668	1477.22	-0.09	41.73	
918	29.844	1514.78	-0.24	40.4	
918	30.656	1449.63	0.22	45.1	
918	42.044	1540.28	-0.11	50	
918	17.946	1388.14	0.14	40	
918	41.401	1450.05	0.17	49.87	
918	53.864	1504.81	-0.1	49.99	
918	52.532	1411.69	0.2	48.46	
918	42.159	1377.06	0.17	50.04	
919	7.073	1517.24	-0.25	40.41	
919	7.251	1403.17	0.03	30.09	
919	19.646	1481.44	-0.22	42.19	
919	29.837	1518.78	-0.07	39.98	
919	30.687	1454.07	0.31	44.43	
919	42.035	1545.28	-0.09	50.01	
919	17.959	1392.14	0.13	40	
919	41.417	1455.06	0.16	50.12	
919	53.855	1509.81	-0.09	49.99	
919	29.336	1355.12	0.14	44.84	
919	52.541	1416.57	0.09	48.84	
919	42.175	1382.06	0.16	49.98	
920	7.064	1521.35	-0.09	41.17	
920	7.225	1406.19	-0.26	30.25	
920	19.652	1485.72	0.06	42.81	
920	29.828	1522.76	-0.09	39.86	
920	30.698	1458.42	0.11	43.5	
920	17.972	1396.14	0.13	40	
920	41.434	1460.13	0.17	50.67	
920	53.844	1514.81	-0.11	50	
920	29.358	1359.62	0.22	45.03	
920	52.557	1421.48	0.16	49.11	
920	42.192	1387.06	0.17	50	
921	7.054	1525.56	-0.1	42.07	
921	7.164	1409.25	-0.61	30.55	
921	19.643	1490.06	-0.09	43.39	
921	29.82	1526.76	-0.08	39.96	
921	30.674	1462.67	-0.24	42.55	
921	17.986	1400.14	0.14	40	
921	17.586	1355.14	0.13	39.8	
921	41.441	1465.22	0.07	50.87	
921	53.835	1519.81	-0.09	50	
921	29.384	1364.08	0.26	44.61	
921	52.591	1426.36	0.34	48.77	
921	42.209	1392.06	0.17	50	
922	7.048	1529.85	-0.06	42.93	
922	7.071	1412.33	-0.93	30.84	
922	19.634	1494.42	-0.09	43.61	
922	29.813	1530.76	-0.07	40.02	
922	30.634	1466.84	-0.4	41.65	
922	17.999	1404.14	0.13	40.01	
922	17.599	1359.14	0.13	39.97	
922	41.431	1470.28	-0.1	50.67	
922	53.825	1524.81	-0.1	50	
922	29.385	1368.44	0.01	43.54	
922	52.59	1431.17	-0.01	48.09	
922	42.225	1397.06	0.16	50	
923	7.04	1534.24	-0.08	43.83	
923	6.974	1415.43	-0.97	31.01	
923	19.625	1498.76	-0.09	43.41	
923	29.805	1534.76	-0.08	39.99	
923	30.661	1470.94	0.27	40.99	
923	18.012	1408.14	0.13	39.96	
923	17.612	1363.14	0.13	40.03	
923	41.422	1475.3	-0.09	50.12	
923	53.815	1529.81	-0.1	50	
923	29.358	1372.67	-0.27	42.39	
923	52.605	1435.93	0.15	47.62	
923	42.242	1402.06	0.17	50	
924	7.047	1538.69	0.07	44.59	
924	6.885	1418.54	-0.89	31.04	
924	19.63	1503.04	0.05	42.78	
924	29.797	1538.76	-0.08	40	
924	30.712	1474.99	0.51	40.48	
924	18.025	1412.12	0.13	39.83	
924	6.316	1354.32	0.08	26.17	
924	17.626	1367.14	0.14	40	
924	41.412	1480.28	-0.1	49.87	
924	53.805	1534.8	-0.1	49.98	
924	29.344	1376.84	-0.14	41.63	
924	52.621	1440.67	0.16	47.39	
924	42.258	1407.06	0.16	50	
925	7.039	1543.2	-0.08	45.02	
925	6.796	1421.64	-0.89	31.02	
925	19.609	1507.24	-0.21	42.03	
925	29.789	1542.76	-0.08	40	
925	30.755	1479.02	0.43	40.36	
925	18.038	1416.11	0.13	39.93	
925	6.323	1357.03	0.07	27.09	
925	17.639	1371.14	0.13	40	
925	41.402	1485.28	-0.1	50	
925	53.796	1539.81	-0.09	50.05	
925	29.403	1380.97	0.59	41.36	
925	52.653	1445.37	0.32	47.02	
925	42.275	1412.06	0.17	50	
926	7.03	1547.71	-0.09	45.13	
926	6.706	1424.74	-0.9	31.02	
926	19.601	1511.41	-0.08	41.72	
926	29.781	1546.76	-0.08	40.01	
926	30.796	1483.08	0.41	40.53	
926	18.011	1420.17	-0.27	40.55	
926	6.334	1359.83	0.11	28.08	
926	17.653	1375.14	0.14	40	
926	41.392	1490.28	-0.1	50	
926	53.785	1544.83	-0.11	50.16	
926	29.476	1385.11	0.73	41.39	
926	52.668	1449.98	0.15	46.12	
926	42.292	1417.06	0.17	50	
927	6.616	1427.84	-0.9	30.97	
927	19.592	1515.61	-0.09	41.96	
927	30.839	1487.12	0.43	40.47	
927	18.002	1424.36	-0.09	41.91	
927	6.36	1362.73	0.26	28.94	
927	17.666	1379.14	0.13	40	
927	41.382	1495.28	-0.1	50	
927	53.776	1549.83	-0.09	50.06	
927	29.539	1389.26	0.63	41.49	
927	52.667	1454.54	-0.01	45.54	
927	42.308	1422.06	0.16	50	
927	42.598	1358.55	0.15	44.92	
928	6.527	1430.92	-0.89	30.84	
928	19.584	1519.85	-0.08	42.39	
928	30.88	1491.16	0.41	40.38	
928	18.039	1428.67	0.37	43.09	
928	6.386	1365.63	0.26	29.01	
928	17.679	1383.14	0.13	40	
928	41.373	1500.28	-0.09	50	
928	29.603	1393.41	0.64	41.53	
928	52.682	1459.11	0.15	45.69	
928	42.325	1427.06	0.17	50	
928	42.613	1363.06	0.15	45.08	
929	6.431	1434.01	-0.96	30.89	
929	19.575	1524.11	-0.09	42.61	
929	30.925	1495.2	0.45	40.45	
929	18.095	1433.11	0.56	44.45	
929	6.418	1368.45	0.32	28.22	
929	17.692	1387.14	0.13	40	
929	41.362	1505.28	-0.11	50	
929	29.667	1397.56	0.64	41.49	
929	52.696	1463.7	0.14	45.95	
929	42.342	1432.06	0.17	50	
929	42.627	1367.56	0.14	45	
930	6.319	1437.15	-1.12	31.42	
930	19.567	1528.37	-0.08	42.6	
930	30.942	1499.29	0.17	40.87	
930	18.111	1437.62	0.16	45.07	
930	6.388	1371.18	-0.3	27.28	
930	17.706	1391.14	0.14	40.01	
930	41.353	1510.28	-0.09	50	
930	29.731	1401.7	0.64	41.4	
930	52.67	1468.34	-0.26	46.34	
930	42.358	1437.06	0.16	50	
930	42.642	1372.06	0.15	45	
931	6.253	1440.42	-0.66	32.62	
931	19.559	1532.63	-0.08	42.59	
931	30.95	1503.46	0.08	41.72	
931	18.125	1442.14	0.14	45.16	
931	6.359	1373.9	-0.29	27.2	
931	17.719	1395.14	0.13	39.96	
931	41.343	1515.28	-0.1	50	
931	29.791	1405.84	0.6	41.39	
931	52.678	1472.98	0.08	46.48	
931	42.375	1442.06	0.17	49.99	
931	42.658	1376.56	0.16	45.01	
932	6.242	1443.81	-0.11	33.89	
932	19.55	1536.87	-0.09	42.45	
932	30.975	1507.74	0.25	42.78	
932	18.14	1446.64	0.15	45.05	
932	6.366	1376.71	0.07	28.17	
932	17.732	1399.12	0.13	39.83	
932	41.333	1520.28	-0.1	49.99	
932	29.855	1410.01	0.64	41.66	
932	52.668	1477.64	-0.1	46.52	
932	42.391	1447.06	0.16	50	
932	28.587	1355.59	0.31	44.29	
932	42.673	1381.06	0.15	45	
933	6.275	1447.31	0.33	35.08	
933	19.542	1541.08	-0.08	42.04	
933	30.992	1512.11	0.17	43.63	
933	18.155	1451.13	0.15	44.92	
933	6.416	1379.65	0.5	29.38	
933	17.746	1403.12	0.14	39.94	
933	41.323	1525.28	-0.1	50	
933	29.926	1414.24	0.71	42.31	
933	52.676	1482.27	0.08	46.31	
933	42.408	1452.05	0.17	49.87	
933	28.602	1360.08	0.15	44.97	
933	42.687	1385.56	0.14	45	
934	6.293	1450.87	0.18	35.61	
934	19.534	1545.24	-0.08	41.62	
934	30.981	1516.51	-0.11	44.05	
934	18.17	1455.64	0.15	45.06	
934	6.427	1382.66	0.11	30.06	
934	17.718	1407.17	-0.28	40.54	
934	41.314	1530.28	-0.09	50	
934	30.033	1418.56	1.07	43.18	
934	52.65	1486.82	-0.26	45.55	
934	42.425	1457.06	0.17	50.13	
934	28.617	1364.6	0.15	45.19	
934	42.702	1390.06	0.15	45	
935	6.305	1454.44	0.12	35.64	
935	19.526	1549.4	-0.08	41.61	
935	30.972	1520.92	-0.09	44.12	
935	18.184	1460.17	0.14	45.29	
935	6.437	1385.67	0.1	30.16	
935	17.708	1411.36	-0.1	41.92	
935	41.303	1535.28	-0.11	50	
935	30.148	1422.94	1.15	43.84	
935	52.641	1491.32	-0.09	44.94	
935	42.441	1462.13	0.16	50.68	
935	28.632	1369.11	0.15	45.04	
935	42.717	1394.56	0.15	44.99	
936	6.317	1457.99	0.12	35.56	
936	30.963	1525.33	-0.09	44.03	
936	18.194	1464.71	0.1	45.39	
936	6.446	1388.68	0.09	30.04	
936	17.746	1415.67	0.38	43.08	
936	41.294	1540.28	-0.09	50	
936	30.266	1427.35	1.18	44.11	
936	52.632	1495.79	-0.09	44.69	
936	42.439	1467.21	-0.02	50.89	
936	28.648	1373.6	0.16	44.99	
936	42.732	1399.06	0.15	45	
937	6.328	1461.55	0.11	35.56	
937	30.954	1529.72	-0.09	43.99	
937	18.185	1469.24	-0.09	45.29	
937	6.456	1391.68	0.1	29.99	
937	17.802	1420.11	0.56	44.45	
937	41.284	1545.28	-0.1	50	
937	30.38	1431.76	1.14	44.09	
937	52.623	1500.28	-0.09	44.89	
937	42.429	1472.28	-0.1	50.69	
937	28.663	1378.1	0.15	45	
937	42.747	1403.56	0.15	45	
938	6.332	1465.1	0.04	35.49	
938	30.946	1534.12	-0.08	43.99	
938	18.176	1473.74	-0.09	45.06	
938	6.466	1394.68	0.1	30	
938	17.817	1424.62	0.15	45.07	
938	30.495	1436.16	1.15	44	
938	52.574	1504.83	-0.49	45.57	
938	42.418	1477.3	-0.11	50.13	
938	28.677	1382.6	0.14	45	
938	42.763	1408.06	0.16	45	
939	6.318	1468.65	-0.14	35.48	
939	30.93	1538.52	-0.16	43.96	
939	18.166	1478.24	-0.1	44.94	
939	6.477	1397.68	0.11	30	
939	17.832	1429.14	0.15	45.16	
939	30.61	1440.56	1.15	43.99	
939	52.541	1509.52	-0.33	46.86	
939	42.409	1482.28	-0.09	49.87	
939	28.692	1387.1	0.15	45	
939	42.778	1412.56	0.15	45	
940	6.298	1472.24	-0.2	35.9	
940	30.928	1542.92	-0.02	43.99	
940	18.157	1482.74	-0.09	45	
940	6.487	1400.68	0.1	30	
940	17.847	1433.64	0.15	45.05	
940	30.724	1444.96	1.14	43.98	
940	52.58	1514.35	0.39	48.27	
940	42.398	1487.28	-0.11	50	
940	28.707	1391.6	0.15	45	
940	42.792	1417.06	0.14	45	
941	6.296	1475.93	-0.02	36.95	
941	30.952	1547.33	0.24	44.15	
941	18.148	1487.24	-0.09	45	
941	6.496	1403.68	0.09	30	
941	17.862	1438.14	0.15	44.98	
941	30.838	1449.35	1.14	43.95	
941	52.586	1519.24	0.06	48.96	
941	42.389	1492.28	-0.09	50	
941	28.722	1396.1	0.15	45	
941	42.807	1421.56	0.15	45	
942	6.339	1479.75	0.43	38.19	
942	18.14	1491.74	-0.08	45	
942	6.506	1406.68	0.1	30.02	
942	17.877	1442.64	0.15	45	
942	7.588	1353.18	0.11	24.98	
942	30.959	1453.74	1.21	43.9	
942	52.577	1524.12	-0.09	48.82	
942	19.299	1356.16	-0.29	35.51	
942	42.379	1497.28	-0.1	50	
942	28.737	1400.6	0.15	45	
942	42.822	1426.06	0.15	45	
942	54.379	1356.23	-0.36	43.93	
943	6.373	1483.69	0.34	39.42	
943	18.131	1496.24	-0.09	45	
943	6.516	1409.67	0.1	29.95	
943	17.891	1447.14	0.14	45	
943	7.564	1355.69	-0.24	25.16	
943	31.077	1458.17	1.18	44.25	
943	52.567	1528.98	-0.1	48.58	
943	19.288	1359.85	-0.11	36.89	
943	42.369	1502.28	-0.1	50	
943	28.752	1405.1	0.15	45	
943	42.837	1430.56	0.15	45	
943	54.335	1360.67	-0.44	44.38	
944	6.379	1487.74	0.06	40.49	
944	18.122	1500.74	-0.09	45	
944	6.527	1412.66	0.11	29.87	
944	17.907	1451.63	0.16	44.94	
944	7.483	1358.22	-0.81	25.24	
944	31.163	1462.66	0.86	44.96	
944	52.557	1533.85	-0.1	48.73	
944	19.348	1363.68	0.6	38.27	
944	42.359	1507.28	-0.1	49.99	
944	28.767	1409.6	0.15	45	
944	42.852	1435.06	0.15	45	
944	54.306	1365.13	-0.29	44.57	
945	6.389	1491.88	0.1	41.37	
945	18.114	1505.23	-0.08	44.99	
945	6.536	1415.66	0.09	29.97	
945	17.922	1456.14	0.15	45.06	
945	7.353	1360.73	-1.3	25.17	
945	31.196	1467.21	0.33	45.42	
945	52.548	1538.75	-0.09	49	
945	19.378	1367.57	0.3	38.96	
945	42.349	1512.28	-0.1	50	
945	28.782	1414.1	0.15	45	
945	42.867	1439.56	0.15	45	
945	54.319	1369.58	0.13	44.49	
945	41.344	1357.55	0.15	44.92	
946	6.38	1496.04	-0.09	41.64	
946	18.105	1509.73	-0.09	45	
946	6.53	1418.7	-0.06	30.42	
946	17.936	1460.67	0.14	45.29	
946	7.205	1363.24	-1.48	25.07	
946	31.186	1471.76	-0.1	45.48	
946	52.538	1543.64	-0.1	48.87	
946	19.39	1371.45	0.12	38.82	
946	42.339	1517.28	-0.1	50	
946	28.797	1418.6	0.15	45	
946	42.882	1444.06	0.15	45	
946	54.363	1374.04	0.44	44.61	
946	41.358	1362.06	0.14	45.08	
947	6.389	1500.16	0.09	41.16	
947	18.096	1514.23	-0.09	45	
947	6.54	1421.83	0.1	31.27	
947	17.942	1465.21	0.06	45.37	
947	7.061	1365.74	-1.44	25	
947	31.171	1476.27	-0.15	45.13	
947	52.528	1548.49	-0.1	48.48	
947	19.403	1375.3	0.13	38.47	
947	42.33	1522.28	-0.09	50	
947	28.811	1423.1	0.14	45	
947	42.897	1448.56	0.15	45	
947	54.412	1378.52	0.49	44.8	
947	41.374	1366.56	0.16	45.01	
948	6.365	1504.21	-0.24	40.55	
948	18.086	1518.73	-0.1	45	
948	6.567	1425.03	0.27	32.03	
948	17.933	1469.73	-0.09	45.29	
948	6.92	1368.24	-1.41	24.99	
948	31.162	1480.76	-0.09	44.93	
948	19.4	1379.17	-0.03	38.7	
948	42.32	1527.28	-0.1	50	
948	28.827	1427.6	0.16	45	
948	42.911	1453.04	0.14	44.87	
948	54.435	1383.01	0.23	44.96	
948	41.389	1371.06	0.15	45	
949	6.338	1508.28	-0.27	40.62	
949	18.078	1523.24	-0.08	45.01	
949	6.578	1428.27	0.11	32.4	
949	17.924	1474.24	-0.09	45.06	
949	6.777	1370.74	-1.43	25.03	
949	31.153	1485.26	-0.09	45.01	
949	19.43	1383.12	0.3	39.46	
949	42.31	1532.28	-0.1	50	
949	28.842	1432.1	0.15	45	
949	42.926	1457.56	0.15	45.12	
949	54.444	1387.52	0.09	45.03	
949	41.404	1375.56	0.15	45	
950	6.348	1512.4	0.1	41.24	
950	18.069	1527.74	-0.09	45	
950	6.589	1431.53	0.11	32.61	
950	17.916	1478.74	-0.08	44.95	
950	6.636	1373.23	-1.41	24.91	
950	31.144	1489.76	-0.09	44.99	
950	19.443	1387.12	0.13	40.01	
950	42.3	1537.28	-0.1	50	
950	28.856	1436.6	0.14	45	
950	42.942	1462.13	0.16	45.71	
950	54.459	1392.02	0.15	45.02	
950	41.418	1380.06	0.14	45	
951	6.327	1516.54	-0.21	41.42	
951	18.06	1532.23	-0.09	44.99	
951	6.583	1434.83	-0.06	32.97	
951	17.907	1483.24	-0.09	45	
951	6.494	1375.71	-1.42	24.74	
951	31.135	1494.26	-0.09	45	
951	19.456	1391.13	0.13	40.14	
951	42.29	1542.28	-0.1	49.99	
951	28.871	1441.1	0.15	45	
951	42.94	1466.71	-0.02	45.87	
951	54.473	1396.52	0.14	45	
951	41.433	1384.56	0.15	45	
952	6.325	1520.6	-0.02	40.53	
952	18.051	1536.73	-0.09	45	
952	6.594	1438.2	0.11	33.73	
952	17.898	1487.74	-0.09	45	
952	6.339	1378.21	-1.55	25.04	
952	31.126	1498.76	-0.09	45	
952	19.469	1395.14	0.13	40.05	
952	42.281	1547.28	-0.09	50.02	
952	28.886	1445.6	0.15	45	
952	42.931	1471.27	-0.09	45.57	
952	54.488	1401.02	0.15	45	
952	41.448	1389.06	0.15	45	
953	6.259	1524.51	-0.66	39.12	
953	18.042	1541.23	-0.09	45	
953	6.622	1441.66	0.28	34.57	
953	17.889	1492.24	-0.09	45	
953	6.189	1380.88	-1.5	26.7	
953	31.117	1503.26	-0.09	45	
953	19.483	1399.13	0.14	39.98	
953	28.902	1450.09	0.16	44.88	
953	42.922	1475.78	-0.09	45.09	
953	54.504	1405.52	0.16	45.01	
953	41.463	1393.56	0.15	45	
953	29.345	1358.1	0.31	44.56	
954	6.2	1528.3	-0.59	37.91	
954	18.033	1545.73	-0.09	45	
954	6.635	1445.16	0.13	35.03	
954	17.88	1496.73	-0.09	44.99	
954	6.128	1383.7	-0.61	28.19	
954	31.108	1507.76	-0.09	45	
954	19.496	1403.13	0.13	39.99	
954	28.916	1454.61	0.14	45.18	
954	42.896	1480.3	-0.26	45.21	
954	54.518	1410.02	0.14	45	
954	41.478	1398.06	0.15	45	
954	29.377	1362.56	0.32	44.67	
955	6.2	1532.04	0	37.42	
955	6.646	1448.67	0.11	35.13	
955	17.871	1501.23	-0.09	45	
955	6.109	1386.68	-0.19	29.81	
955	31.099	1512.26	-0.09	45	
955	19.509	1407.13	0.13	40	
955	28.932	1459.18	0.16	45.71	
955	42.874	1484.91	-0.22	46.1	
955	54.533	1414.52	0.15	44.99	
955	41.493	1402.56	0.15	45	
955	29.392	1366.95	0.15	43.84	
956	6.192	1535.78	-0.08	37.37	
956	6.657	1452.18	0.11	35.06	
956	17.863	1505.73	-0.08	45	
956	6.179	1389.81	0.7	31.31	
956	31.09	1516.76	-0.09	45	
956	19.523	1411.13	0.14	40	
956	28.963	1463.72	0.31	45.41	
956	42.898	1489.61	0.24	47	
956	54.548	1419.02	0.15	45	
956	41.508	1407.06	0.15	45	
956	29.389	1371.23	-0.03	42.83	
957	6.184	1539.53	-0.08	37.49	
957	6.669	1455.67	0.12	34.92	
957	17.854	1510.23	-0.09	45	
957	6.252	1393.11	0.73	32.96	
957	31.082	1521.26	-0.08	45.01	
957	19.535	1415.13	0.12	40.01	
957	28.986	1468.07	0.23	43.45	
957	43.01	1494.41	1.12	47.95	
957	54.563	1423.52	0.15	45	
957	41.523	1411.56	0.15	44.99	
957	29.403	1375.47	0.14	42.44	
958	6.177	1543.27	-0.07	37.45	
958	6.681	1459.16	0.12	34.89	
958	17.845	1514.73	-0.09	45	
958	6.313	1396.43	0.61	33.26	
958	31.073	1525.76	-0.09	45.01	
958	19.549	1419.13	0.14	40	
958	28.964	1472.27	-0.22	41.99	
958	43.224	1499.3	2.14	48.95	
958	54.578	1428.02	0.15	45	
958	41.538	1416.06	0.15	45	
958	29.4	1379.75	-0.03	42.79	
959	6.169	1547	-0.08	37.28	
959	6.692	1462.67	0.11	35.08	
959	17.836	1519.23	-0.09	45	
959	6.374	1399.74	0.61	33.1	
959	31.064	1530.26	-0.09	44.98	
959	19.562	1423.13	0.13	40	
959	28.927	1476.3	-0.37	40.36	
959	43.502	1504.27	2.78	49.72	
959	19.094	1357.59	0.13	39.05	
959	54.593	1432.52	0.15	45.01	
959	41.554	1420.56	0.16	45	
959	29.415	1384.12	0.15	43.7	
959	39.447	1355.6	1.75	44.39	
960	6.673	1466.22	-0.19	35.54	
960	17.827	1523.73	-0.09	45	
960	6.435	1403.04	0.61	32.97	
960	31.026	1534.76	-0.38	44.97	
960	19.576	1427.13	0.14	39.99	
960	28.85	1480.16	-0.77	38.62	
960	43.724	1509.28	2.22	50.11	
960	19.124	1361.47	0.3	38.79	
960	54.608	1437.02	0.15	45	
960	41.568	1425.06	0.14	45	
960	29.446	1388.58	0.31	44.59	
960	39.744	1359.9	2.97	43.01	
960	54.338	1355.52	0.15	44.43	
961	6.665	1469.87	-0.08	36.41	
961	17.818	1528.23	-0.09	45	
961	6.496	1406.34	0.61	32.94	
961	31.056	1539.26	0.3	44.98	
961	19.589	1431.13	0.13	40	
961	28.886	1483.94	0.36	37.74	
961	43.837	1514.29	1.13	50.1	
961	19.12	1365.26	-0.04	37.91	
961	54.623	1441.52	0.15	45	
961	41.583	1429.56	0.15	45	
961	29.461	1393.09	0.15	45.03	
961	40.038	1364.09	2.94	41.88	
961	54.353	1360.01	0.15	44.9	
962	6.675	1473.59	0.1	37.22	
962	17.809	1532.73	-0.09	45	
962	6.553	1409.63	0.57	32.91	
962	31.188	1543.76	1.32	45.02	
962	19.602	1435.13	0.13	40	
962	28.937	1487.71	0.51	37.77	
962	43.864	1519.29	0.27	49.97	
962	19.132	1369.01	0.12	37.46	
962	54.638	1446.02	0.15	45	
962	41.598	1434.06	0.15	45	
962	29.477	1397.6	0.16	45.14	
962	40.246	1368.11	2.08	40.24	
962	54.368	1364.52	0.15	45.1	
963	6.667	1477.33	-0.08	37.4	
963	17.8	1537.23	-0.09	45	
963	6.62	1412.93	0.67	33.08	
963	31.378	1548.27	1.9	45.07	
963	19.616	1439.13	0.14	40	
963	28.98	1491.52	0.43	38.01	
963	43.826	1524.29	-0.38	49.95	
963	19.128	1372.79	-0.04	37.78	
963	54.653	1450.5	0.15	44.82	
963	41.613	1438.56	0.15	45	
963	29.491	1402.1	0.14	45.05	
963	40.381	1372.07	1.35	39.57	
963	54.382	1369.02	0.14	45	
964	6.659	1481.04	-0.08	37.09	
964	17.791	1541.73	-0.09	45	
964	6.692	1416.29	0.72	33.53	
964	19.628	1443.13	0.12	40.01	
964	29.022	1495.32	0.42	38.06	
964	43.816	1529.29	-0.1	50	
964	19.141	1376.66	0.13	38.71	
964	54.668	1455.02	0.15	45.16	
964	41.628	1443.06	0.15	45	
964	29.506	1406.6	0.15	44.98	
964	40.396	1376.06	0.15	39.89	
964	54.397	1373.52	0.15	45	
965	6.653	1484.71	-0.06	36.74	
965	17.782	1546.23	-0.09	45	
965	6.759	1419.7	0.67	34.09	
965	19.642	1447.13	0.14	39.99	
965	29.065	1499.12	0.43	37.94	
965	43.806	1534.29	-0.1	50	
965	19.17	1380.62	0.29	39.59	
965	54.683	1459.61	0.15	45.88	
965	41.642	1447.56	0.14	45	
965	29.521	1411.1	0.15	45	
965	40.343	1380.15	-0.53	40.97	
965	54.412	1378.02	0.15	45	
966	6.632	1488.42	-0.21	37.07	
966	6.815	1423.15	0.56	34.56	
966	19.656	1451.13	0.14	40	
966	29.108	1502.89	0.43	37.79	
966	43.796	1539.29	-0.1	50	
966	19.184	1384.62	0.14	40.03	
966	54.694	1464.22	0.11	46.15	
966	41.658	1452.05	0.16	44.87	
966	29.536	1415.6	0.15	44.99	
966	40.392	1384.4	0.49	42.46	
966	54.428	1382.52	0.16	45.01	
967	6.638	1492.21	0.06	37.93	
967	6.828	1426.65	0.13	34.97	
967	19.668	1455.13	0.12	39.94	
967	29.149	1506.69	0.41	38	
967	43.787	1544.29	-0.09	50	
967	19.197	1388.63	0.13	40.13	
967	54.685	1468.81	-0.09	45.89	
967	41.673	1456.56	0.15	45.13	
967	29.551	1420.1	0.15	45	
967	40.475	1388.77	0.83	43.7	
967	54.442	1387.02	0.14	45	
967	31.339	1356.1	0.16	44.67	
968	6.63	1496.04	-0.08	38.25	
968	6.819	1430.2	-0.09	35.47	
968	19.682	1459.13	0.14	40.06	
968	29.127	1510.6	-0.22	39.08	
968	43.777	1549.29	-0.1	50	
968	19.21	1392.64	0.13	40.04	
968	54.676	1473.33	-0.09	45.16	
968	41.687	1461.13	0.14	45.67	
968	29.567	1424.6	0.16	45	
968	40.637	1393.3	1.62	45.25	
968	54.457	1391.52	0.15	45	
968	31.354	1360.59	0.15	44.94	
969	6.623	1499.83	-0.07	37.92	
969	6.831	1433.82	0.12	36.2	
969	19.695	1463.17	0.13	40.32	
969	29.137	1514.66	0.1	40.58	
969	19.224	1396.63	0.14	39.98	
969	54.667	1477.81	-0.09	44.83	
969	41.691	1465.71	0.04	45.87	
969	29.582	1429.1	0.15	45	
969	40.817	1397.9	1.8	46.09	
969	54.472	1396.02	0.15	45	
969	31.369	1365.1	0.15	45.06	
970	6.616	1503.59	-0.07	37.59	
970	6.841	1437.52	0.1	37.06	
970	19.689	1467.21	-0.06	40.41	
970	29.16	1518.85	0.23	41.92	
970	19.237	1400.63	0.13	40	
970	54.658	1482.31	-0.09	45	
970	41.682	1470.28	-0.09	45.67	
970	29.596	1433.6	0.14	45	
970	40.982	1402.52	1.65	46.2	
970	54.487	1400.52	0.15	44.99	
970	31.383	1369.6	0.14	45.02	
971	6.592	1507.37	-0.24	37.79	
971	6.856	1441.32	0.15	37.93	
971	19.681	1471.24	-0.08	40.32	
971	29.217	1523.19	0.57	43.41	
971	19.25	1404.64	0.13	40.01	
971	54.649	1486.81	-0.09	45	
971	41.673	1474.79	-0.09	45.12	
971	18.217	1354.52	-0.18	33.99	
971	29.611	1438.1	0.15	45	
971	41.148	1407.13	1.66	46.03	
971	54.502	1405.02	0.15	45	
971	31.398	1374.09	0.15	44.95	
971	41.129	1355.53	0.56	44.03	
972	6.584	1511.23	-0.08	38.7	
972	6.869	1445.2	0.13	38.84	
972	19.673	1475.25	-0.08	40.08	
972	29.209	1527.65	-0.08	44.52	
972	6.083	1354.15	0.51	29.4	
972	19.263	1408.64	0.13	40	
972	54.641	1491.31	-0.08	45	
972	41.664	1479.29	-0.09	44.92	
972	18.235	1357.91	0.18	33.83	
972	29.626	1442.6	0.15	45	
972	41.313	1411.72	1.65	45.98	
972	54.516	1409.52	0.14	45	
972	31.413	1378.58	0.15	44.87	
972	41.166	1359.85	0.37	43.13	
973	6.593	1515.19	0.09	39.6	
973	6.898	1449.16	0.29	39.59	
973	19.666	1479.24	-0.07	39.89	
973	29.2	1532.12	-0.09	44.7	
973	6.093	1357.16	0.1	30.06	
973	19.277	1412.64	0.14	40	
973	54.632	1495.81	-0.09	45	
973	41.655	1483.8	-0.09	45.09	
973	18.245	1361.3	0.1	33.95	
973	29.641	1447.1	0.15	45	
973	41.478	1416.33	1.65	46.06	
973	54.532	1414.02	0.16	45.01	
973	31.428	1383.08	0.15	44.98	
973	41.157	1364.03	-0.09	41.85	
974	6.585	1519.2	-0.08	40.02	
974	6.912	1453.16	0.14	39.99	
974	19.657	1483.22	-0.09	39.86	
974	29.191	1536.57	-0.09	44.56	
974	6.102	1360.18	0.09	30.17	
974	19.291	1416.64	0.14	40	
974	54.623	1500.31	-0.09	45	
974	41.653	1488.28	-0.02	44.82	
974	18.257	1364.7	0.12	34.01	
974	29.656	1451.59	0.15	44.91	
974	41.653	1420.94	1.75	46.09	
974	54.547	1418.52	0.15	45	
974	31.427	1387.62	-0.01	45.41	
974	41.129	1368.07	-0.28	40.41	
975	6.577	1523.21	-0.08	40.13	
975	6.925	1457.17	0.13	40.16	
975	19.65	1487.22	-0.07	39.98	
975	29.182	1541.02	-0.09	44.47	
975	6.112	1363.18	0.1	30.05	
975	19.303	1420.63	0.12	39.99	
975	54.614	1504.81	-0.09	45	
975	41.647	1492.73	-0.06	44.52	
975	18.268	1368.1	0.11	33.96	
975	29.671	1456.1	0.15	45.09	
975	41.819	1425.53	1.66	45.89	
975	54.561	1423.02	0.14	45	
975	31.442	1392.23	0.15	46.16	
975	41.141	1372.06	0.12	39.9	
976	6.569	1527.21	-0.08	40.05	
976	6.938	1461.19	0.13	40.16	
976	19.625	1491.27	-0.25	40.54	
976	29.174	1545.47	-0.08	44.55	
976	6.122	1366.18	0.1	29.98	
976	19.317	1424.63	0.14	40	
976	54.605	1509.31	-0.09	45	
976	41.546	1497.2	-1.01	44.71	
976	18.279	1371.48	0.11	33.8	
976	29.686	1460.65	0.15	45.47	
976	41.938	1430.06	1.19	45.35	
976	54.577	1427.52	0.16	44.99	
976	31.455	1396.94	0.13	47.06	
976	41.14	1376.09	-0.01	40.24	
977	6.561	1531.21	-0.08	39.98	
977	6.943	1465.2	0.05	40.14	
977	19.633	1495.41	0.08	41.32	
977	29.159	1549.94	-0.15	44.62	
977	6.132	1369.18	0.1	30	
977	19.33	1428.64	0.13	40.01	
977	54.596	1513.81	-0.09	45	
977	41.393	1501.84	-1.53	46.4	
977	18.288	1374.87	0.09	33.93	
977	29.692	1465.21	0.06	45.63	
977	41.998	1434.53	0.6	44.65	
977	54.592	1432.02	0.15	45	
977	31.473	1401.74	0.18	47.97	
977	41.152	1380.21	0.12	41.26	
978	6.553	1535.21	-0.08	40	
978	6.934	1469.21	-0.09	40.07	
978	19.624	1499.57	-0.09	41.64	
978	6.143	1372.18	0.11	30	
978	19.373	1432.64	0.43	40.04	
978	54.587	1518.31	-0.09	45	
978	41.27	1506.62	-1.23	47.77	
978	18.257	1378.34	-0.31	34.67	
978	29.683	1469.76	-0.09	45.47	
978	42.013	1438.94	0.15	44.11	
978	54.607	1436.52	0.15	45	
978	31.49	1406.63	0.17	48.97	
978	41.183	1384.43	0.31	42.22	
979	6.546	1539.21	-0.07	40	
979	6.926	1473.2	-0.08	39.88	
979	19.633	1503.69	0.09	41.17	
979	6.152	1375.18	0.09	30.01	
979	19.347	1436.64	-0.26	40.01	
979	54.578	1522.81	-0.09	45	
979	41.169	1511.53	-1.01	49.12	
979	18.278	1381.96	0.21	36.18	
979	29.674	1474.27	-0.09	45.09	
979	42.019	1443.33	0.06	43.9	
979	54.622	1441.02	0.15	45	
979	31.523	1411.6	0.33	49.61	
979	41.198	1388.68	0.15	42.41	
980	6.537	1543.21	-0.09	40	
980	6.918	1477.19	-0.08	39.96	
980	19.609	1507.74	-0.24	40.51	
980	6.162	1378.18	0.1	29.96	
980	19.219	1440.64	-1.28	39.98	
980	54.569	1527.31	-0.09	45	
980	41.029	1516.61	-1.4	50.85	
980	18.332	1385.69	0.54	37.32	
980	29.664	1478.76	-0.1	44.91	
980	42.033	1447.72	0.14	43.93	
980	54.637	1445.52	0.15	45	
980	31.556	1416.56	0.33	49.62	
980	41.211	1392.88	0.13	42.06	
981	6.529	1547.21	-0.08	40	
981	6.895	1481.24	-0.23	40.41	
981	19.585	1511.78	-0.24	40.39	
981	6.172	1381.16	0.1	29.83	
981	19.034	1444.63	-1.85	39.94	
981	54.561	1531.81	-0.08	44.99	
981	40.87	1521.74	-1.59	51.22	
981	18.436	1389.57	1.04	38.82	
981	29.656	1483.26	-0.08	45.01	
981	42.048	1452.11	0.15	43.86	
981	54.652	1450	0.15	44.83	
981	31.572	1421.45	0.16	48.96	
981	41.225	1397.06	0.14	41.73	
982	6.886	1485.35	-0.09	41.16	
982	19.576	1515.88	-0.09	41.03	
982	6.182	1384.15	0.1	29.93	
982	18.905	1448.63	-1.29	39.98	
982	54.552	1536.31	-0.09	45	
982	40.71	1526.84	-1.6	51.08	
982	18.503	1393.53	0.67	39.58	
982	29.647	1487.76	-0.09	45	
982	42.062	1456.52	0.14	44.13	
982	54.666	1454.52	0.14	45.16	
982	31.59	1426.24	0.18	47.84	
982	41.201	1401.28	-0.24	42.2	
983	6.876	1489.56	-0.1	42.07	
983	19.566	1520.08	-0.1	42.03	
983	6.151	1387.21	-0.31	30.55	
983	18.88	1452.63	-0.25	39.96	
983	54.543	1540.81	-0.09	45	
983	40.55	1531.95	-1.6	51.03	
983	18.565	1397.5	0.62	39.69	
983	29.638	1492.26	-0.09	45	
983	42.077	1460.99	0.15	44.66	
983	54.681	1459.11	0.15	45.88	
983	31.586	1430.93	-0.04	46.91	
983	41.237	1405.61	0.36	43.34	
984	6.869	1493.85	-0.07	42.93	
984	19.559	1524.38	-0.07	42.95	
984	6.139	1390.4	-0.12	31.92	
984	18.923	1456.64	0.43	40.09	
984	54.534	1545.31	-0.09	45	
984	40.39	1537.07	-1.6	51.18	
984	18.629	1401.45	0.64	39.55	
984	29.63	1496.76	-0.08	44.99	
984	42.075	1465.47	-0.02	44.85	
984	54.695	1463.72	0.14	46.15	
984	31.603	1435.6	0.17	46.68	
984	41.268	1410	0.31	43.94	
985	6.86	1498.24	-0.09	43.84	
985	19.55	1528.76	-0.09	43.81	
985	6.173	1393.71	0.34	33.08	
985	18.936	1460.67	0.13	40.32	
985	54.526	1549.81	-0.08	45.01	
985	40.23	1542.16	-1.6	50.97	
985	18.692	1405.4	0.63	39.48	
985	29.621	1501.26	-0.09	45	
985	42.072	1469.94	-0.03	44.66	
985	54.686	1468.31	-0.09	45.88	
985	31.605	1440.31	0.02	47.18	
985	41.283	1414.38	0.15	43.78	
985	29.837	1355.58	0.29	39.14	
986	6.868	1502.69	0.08	44.59	
986	19.558	1533.22	0.08	44.64	
986	6.225	1397.15	0.52	34.45	
986	18.943	1464.71	0.07	40.39	
986	40.142	1547.15	-0.88	49.9	
986	18.755	1409.35	0.63	39.5	
986	29.612	1505.76	-0.09	45	
986	42.123	1474.37	0.51	44.28	
986	54.678	1472.83	-0.08	45.17	
986	31.634	1445.1	0.29	47.86	
986	41.297	1418.73	0.14	43.47	
986	29.851	1359.58	0.14	39.95	
987	6.86	1507.2	-0.08	45.03	
987	19.55	1537.74	-0.08	45.16	
987	6.237	1400.66	0.12	35.07	
987	18.935	1468.74	-0.08	40.3	
987	18.815	1413.3	0.6	39.49	
987	29.603	1510.26	-0.09	45	
987	42.068	1478.81	-0.55	44.38	
987	54.669	1477.31	-0.09	44.83	
987	31.689	1449.87	0.55	47.68	
987	41.295	1423.1	-0.02	43.7	
987	29.864	1363.6	0.13	40.2	
988	6.851	1511.71	-0.09	45.13	
988	19.54	1542.26	-0.1	45.16	
988	6.248	1404.18	0.11	35.19	
988	18.927	1472.74	-0.08	40.08	
988	18.885	1417.24	0.7	39.42	
988	29.594	1514.76	-0.09	45	
988	41.997	1483.32	-0.71	45.12	
988	54.66	1481.81	-0.09	45	
988	31.707	1454.56	0.18	46.89	
988	41.327	1427.54	0.32	44.46	
988	29.877	1367.6	0.13	40.05	
989	6.842	1516.22	-0.09	45.05	
989	19.548	1546.72	0.08	44.63	
989	6.26	1407.68	0.12	35	
989	18.92	1476.73	-0.07	39.89	
989	18.966	1421.18	0.81	39.41	
989	29.585	1519.26	-0.09	45	
989	41.922	1487.91	-0.75	45.96	
989	54.651	1486.31	-0.09	45	
989	31.681	1459.17	-0.26	46.14	
989	41.341	1432.05	0.14	45.01	
989	29.89	1371.6	0.13	39.98	
990	6.832	1520.71	-0.1	44.98	
990	6.272	1411.16	0.12	34.85	
990	18.912	1480.72	-0.08	39.87	
990	19.022	1425.15	0.56	39.67	
990	29.576	1523.76	-0.09	45	
990	41.841	1492.61	-0.81	46.95	
990	54.641	1490.81	-0.1	45	
990	31.694	1463.73	0.13	45.6	
990	41.356	1436.56	0.15	45.14	
990	29.904	1375.6	0.14	40	
991	6.823	1525.21	-0.09	45	
991	6.284	1414.66	0.12	34.98	
991	18.904	1484.72	-0.08	39.97	
991	19.049	1429.17	0.27	40.24	
991	29.567	1528.26	-0.09	45	
991	19.327	1357.17	-0.03	40.5	
991	41.902	1497.41	0.61	48	
991	54.632	1495.31	-0.09	45	
991	31.685	1468.27	-0.09	45.34	
991	41.371	1441.06	0.15	45.05	
991	29.917	1379.6	0.13	40	
991	42.635	1357.21	-1.36	38.81	
992	6.814	1529.71	-0.09	44.99	
992	6.278	1418.2	-0.06	35.4	
992	18.879	1488.76	-0.25	40.43	
992	19.076	1433.3	0.27	41.21	
992	29.558	1532.76	-0.09	45	
992	19.357	1361.3	0.3	41.34	
992	41.98	1502.3	0.78	48.96	
992	54.624	1499.81	-0.08	45	
992	31.676	1472.77	-0.09	45.05	
992	41.387	1445.56	0.16	44.98	
992	29.93	1383.6	0.13	40	
992	42.498	1361.12	-1.37	39.11	
992	53.339	1356	0.15	44.27	
993	6.805	1534.21	-0.09	45.02	
993	6.29	1421.82	0.12	36.16	
993	18.871	1492.89	-0.08	41.25	
993	19.108	1437.51	0.32	42.14	
993	29.55	1537.26	-0.08	45.01	
993	19.37	1365.47	0.13	41.68	
993	42.067	1507.27	0.87	49.66	
993	54.615	1504.31	-0.09	45	
993	31.667	1477.26	-0.09	44.92	
993	41.401	1450.05	0.14	44.87	
993	29.944	1387.6	0.14	40	
993	42.361	1365.02	-1.37	38.98	
993	53.355	1360.49	0.16	44.85	
994	6.797	1538.71	-0.08	44.96	
994	6.301	1425.52	0.11	37.07	
994	18.879	1497.09	0.08	42.08	
994	19.123	1441.75	0.15	42.4	
994	29.541	1541.76	-0.09	45	
994	19.4	1369.6	0.3	41.31	
994	42.128	1512.27	0.61	50.03	
994	54.607	1508.81	-0.08	44.99	
994	31.659	1481.76	-0.08	45.01	
994	41.416	1454.56	0.15	45.13	
994	29.956	1391.6	0.12	40	
994	42.224	1368.9	-1.37	38.82	
994	53.328	1365.06	-0.27	45.67	
995	6.788	1543.2	-0.09	44.86	
995	6.315	1429.32	0.14	37.93	
995	18.871	1501.35	-0.08	42.52	
995	19.137	1445.96	0.14	42.1	
995	29.532	1546.26	-0.09	44.99	
995	19.398	1373.65	-0.02	40.53	
995	42.089	1517.28	-0.39	50.08	
995	54.598	1513.31	-0.09	45	
995	31.65	1486.26	-0.09	44.98	
995	41.431	1459.13	0.15	45.66	
995	29.97	1395.6	0.14	40	
995	42.075	1372.79	-1.49	38.89	
995	53.346	1369.72	0.18	46.7	
996	6.78	1547.69	-0.08	44.98	
996	6.328	1433.2	0.13	38.84	
996	18.862	1505.61	-0.09	42.64	
996	19.151	1450.13	0.14	41.76	
996	19.411	1377.65	0.13	39.98	
996	42.079	1522.29	-0.1	50.1	
996	54.589	1517.81	-0.09	45	
996	31.642	1490.77	-0.08	45.04	
996	41.445	1463.71	0.14	45.87	
996	29.984	1399.6	0.14	40	
996	41.928	1376.74	-1.47	39.49	
996	53.4	1374.51	0.54	47.89	
997	6.358	1437.16	0.3	39.59	
997	18.854	1509.86	-0.08	42.53	
997	19.151	1454.33	0	41.97	
997	19.424	1381.64	0.13	39.86	
997	42.069	1527.3	-0.1	50.09	
997	54.58	1522.31	-0.09	45	
997	31.633	1495.28	-0.09	45.13	
997	41.436	1468.28	-0.09	45.67	
997	29.997	1403.6	0.13	40	
997	41.869	1380.83	-0.59	40.93	
997	53.417	1379.35	0.17	48.4	
998	6.371	1441.16	0.13	40.02	
998	18.845	1514.11	-0.09	42.48	
998	19.18	1458.61	0.29	42.82	
998	19.437	1385.63	0.13	39.96	
998	42.071	1532.28	0.02	49.75	
998	54.571	1526.81	-0.09	45.01	
998	31.623	1499.78	-0.1	45.03	
998	41.427	1472.8	-0.09	45.13	
998	30.01	1407.6	0.13	40	
998	41.855	1385.04	-0.14	42.07	
998	53.451	1384.15	0.34	47.95	
999	6.385	1445.18	0.14	40.15	
999	18.838	1518.36	-0.07	42.5	
999	19.194	1462.97	0.14	43.53	
999	19.451	1389.63	0.14	40.02	
999	42.153	1537.16	0.82	48.87	
999	54.562	1531.31	-0.09	45	
999	31.631	1504.24	0.08	44.57	
999	41.418	1477.28	-0.09	44.87	
999	30.023	1411.6	0.13	40.01	
999	41.93	1389.39	0.75	43.51	
999	53.448	1388.85	-0.03	47.05	
